  -7.9294094e-01  -2.4400252e+00
  -3.5862229e-01  -3.1068947e-01
   4.5982348e-01   1.9863967e-01
  -2.6822358e-01  -3.3152771e-01
   2.0374654e-02   5.8915520e-02
  -4.8232318e-01  -9.1593878e-01
   1.5416138e-01  -2.3240686e-01
  -6.4891231e-02  -2.1947972e-01
   4.6215485e-01   1.0287415e-01
  -7.9014609e-01  -2.5741877e+00
   9.5943663e-01   4.3717123e+00
  -1.6923220e-01   3.2357765e-02
   5.8968410e-01   1.1194816e-01
  -1.3827768e-01   2.0154929e-01
   6.2128341e-01   4.3417433e-01
  -3.0587440e-02  -3.3976496e-02
   7.7958607e-02   1.7265712e-01
  -9.7810463e-01  -3.8903706e+00
   2.1050032e-01   1.0979311e-01
  -5.4064780e-01  -1.1411816e+00
   3.8014787e-01   9.8062878e-03
   3.4001198e-02   1.5428726e-01
  -6.0730441e-01  -1.1851288e+00
   6.7801551e-01   7.7722296e-01
  -8.0506511e-01  -2.3337682e+00
  -4.5817581e-01  -6.2684912e-01
  -1.0900819e-01   3.1409650e-02
   1.4770057e-01  -1.8689895e-01
  -7.8531493e-01  -2.2948457e+00
  -7.7909552e-01  -2.5672636e+00
  -9.6804842e-01  -3.9563578e+00
  -1.4917394e-01   2.3654813e-01
  -3.9903157e-01  -6.6378131e-01
  -4.5603365e-01  -5.0993173e-01
   3.1146999e-01  -1.8863311e-01
   5.3220296e-01  -4.4538292e-02
   8.2108817e-01   1.9241270e+00
  -4.1976817e-02   2.4410329e-01
   7.4801570e-01   1.2500746e+00
  -8.3385313e-01  -2.8212132e+00
   3.4826561e-01  -3.2480460e-01
   4.7975545e-01   4.0633636e-02
  -2.3003090e-01  -1.1783707e-01
   3.1785057e-01  -3.5320224e-01
  -9.6110487e-01  -3.9816809e+00
   1.9657923e-01  -1.6902048e-01
  -3.3113707e-01  -7.5104785e-02
  -7.7189331e-01  -2.4304594e+00
   3.3593769e-01  -5.8459133e-02
   8.6109999e-02   7.4367405e-02
  -6.4521851e-01  -1.3281563e+00
  -2.0814438e-01   5.2268867e-02
  -1.5671594e-02   7.7134743e-02
  -1.2423260e-01   9.1559181e-02
   2.7073359e-01  -3.3438519e-02
  -6.9453627e-01  -1.6236381e+00
   8.5861703e-01   2.8421543e+00
   7.4033101e-01   1.2877778e+00
  -4.6882175e-01  -7.6151306e-01
   1.8103105e-02   2.0808750e-01
  -1.9109107e-02   2.3316792e-01
  -9.1693155e-01  -3.6050613e+00
  -1.9068438e-01  -1.1962721e-01
  -2.4306628e-01  -3.4502551e-01
  -6.6622475e-01  -1.7038401e+00
   6.9900341e-01   1.0352062e+00
   3.0554879e-01  -3.3182824e-01
   3.7536524e-02  -6.3527780e-02
   4.4198358e-01  -2.7949346e-01
  -8.3751293e-01  -2.7335875e+00
   8.5537186e-01   2.4978925e+00
  -9.3195891e-01  -3.7133557e+00
  -5.4699657e-01  -8.9383785e-01
  -3.1014316e-04   1.2348214e-01
  -7.1543394e-01  -2.0882661e+00
  -4.9568956e-01  -8.8640609e-01
   8.1630156e-01   1.9235807e+00
   7.5404396e-02  -2.6690634e-01
   7.1700142e-01   1.1482476e+00
   4.6505344e-02   6.4462516e-02
   6.9911856e-01   1.2272950e+00
  -5.2319092e-01  -7.1176697e-01
  -7.6835591e-01  -2.4785265e+00
   2.9433386e-01  -3.5980478e-01
  -7.8486879e-01  -2.4900061e+00
  -4.2891473e-01  -3.6812545e-01
  -8.0317192e-01  -2.4428936e+00
  -4.2741932e-01  -7.0686881e-01
   8.2478924e-01   2.0423256e+00
   2.7665570e-02   2.0702343e-01
  -4.7033654e-01  -8.1168341e-01
  -3.1507976e-01  -4.5944155e-01
  -1.7169142e-02   8.0046820e-02
   5.8370500e-01   2.6491242e-01
  -4.8640061e-01  -6.5366973e-01
   2.3732250e-01  -3.5275234e-01
   9.9203873e-01   5.0750074e+00
  -9.7294526e-01  -3.9502621e+00
  -8.2474576e-02   9.8935632e-02
   4.1783735e-02  -1.4262969e-01
   7.5463121e-01   1.6689119e+00
  -6.9747588e-01  -1.9279778e+00
  -6.2963944e-01  -1.2239475e+00
   8.5971111e-01   2.5208113e+00
   5.6831956e-01   4.3068032e-01
  -6.8075013e-01  -1.6634022e+00
   8.7346460e-01   2.8980539e+00
  -8.6921894e-01  -3.1270129e+00
  -2.3896650e-01  -1.9560575e-02
   3.8407490e-01   1.0945548e-01
  -9.4425121e-01  -3.5012269e+00
   7.7470837e-01   1.5679196e+00
   8.3312796e-01   2.4154138e+00
  -1.2301281e-01  -9.9112265e-02
  -5.4361028e-01  -1.0185622e+00
   2.1829497e-01   1.0293064e-03
   8.5071643e-01   2.5403034e+00
   2.7121646e-01   4.5066767e-03
  -8.9036580e-01  -3.3603413e+00
   9.8435798e-01   4.5560293e+00
  -4.0876757e-01  -3.4548638e-01
  -5.1981794e-01  -9.9765553e-01
  -2.2826232e-01  -8.3294867e-02
  -4.7777483e-01  -6.5665843e-01
  -5.5060682e-01  -1.0742576e+00
  -2.6371299e-01  -2.8645667e-01
  -6.5138701e-01  -1.7811504e+00
   5.3624282e-01  -4.8386123e-02
   1.6738311e-01  -1.2898097e-01
  -3.7015135e-01  -4.1962009e-01
   8.0862680e-01   1.8800711e+00
   7.9611795e-01   1.9359423e+00
  -1.3042633e-01   7.4013585e-02
  -8.5873114e-01  -2.8867429e+00
   2.8994711e-01  -3.8832073e-01
   6.7664604e-01   6.9914600e-01
   8.0746460e-01   2.0974862e+00
   2.4024285e-01  -2.1893516e-02
  -1.5000760e-01   1.8455279e-01
  -9.8820681e-01  -3.9292497e+00
   9.4017394e-01   3.7290107e+00
   6.1434785e-02   1.0652110e-01
  -3.1850121e-01  -1.7803917e-01
   1.8376375e-01   1.1073431e-01
   7.8257667e-01   1.7171769e+00
  -9.3068032e-02  -6.1495625e-02
   3.8843937e-01   3.0209923e-02
   8.2975338e-01   2.1643027e+00
  -7.7715052e-01  -2.1249009e+00
  -5.5313240e-01  -1.1091577e+00
  -2.3628047e-02  -1.9623900e-01
   5.9655972e-01   1.3818775e-01
  -1.1784804e-01   1.9809168e-02
  -6.6084521e-01  -1.8218059e+00
   7.6620228e-01   1.7642539e+00
  -9.4250814e-01  -3.4764549e+00
  -2.8239333e-01  -1.8626075e-01
   7.2845773e-01   1.1006633e+00
   4.7042210e-01   1.4692659e-01
   3.1200498e-01  -3.7625035e-01
  -7.7717656e-03   3.0385559e-02
  -8.0311296e-01  -2.4967119e+00
  -4.7418115e-01  -8.0420754e-01
  -7.1768870e-02  -5.3740737e-02
   2.3748267e-02   2.3695059e-01
   1.9296501e-01  -5.5487293e-02
  -5.8765588e-02   1.7137189e-01
  -1.7264594e-01   2.5332647e-02
   2.6370064e-02  -2.3402027e-01
  -6.8640135e-01  -1.9932809e+00
  -5.1527737e-01  -9.0932438e-01
  -6.0867656e-01  -1.2347298e+00
   3.9996933e-01  -3.0566444e-02
   9.5060418e-02  -1.2082448e-01
  -7.9721809e-01  -2.5068851e+00
  -3.0495582e-01  -3.7212556e-01
   7.6763964e-01   1.3768333e+00
  -7.6872695e-01  -2.2681655e+00
   7.3942448e-01   1.2450397e+00
   4.2997753e-01  -1.5531486e-01
  -6.6461793e-01  -1.8447137e+00
   7.6564179e-01   1.7938773e+00
  -8.4548652e-01  -2.8883058e+00
   4.0614862e-01   2.1412752e-02
   3.3901728e-01  -2.8852066e-02
   3.7617641e-01   4.7609500e-02
   9.7711949e-01   4.7183313e+00
  -8.7933260e-01  -3.0913395e+00
   2.4323637e-01  -2.6181231e-01
  -2.6470488e-02   1.9961905e-01
  -3.9054855e-01  -2.4803737e-01
  -7.0799057e-01  -2.1464729e+00
   9.1101125e-01   3.1763467e+00
   9.2097560e-01   3.6525140e+00
   7.4767031e-01   1.2631199e+00
   5.0017218e-01  -1.9317617e-01
  -2.4021968e-01  -5.2043171e-02
   2.3571991e-01  -3.6684853e-01
   4.2080235e-01  -2.9413333e-01
  -8.8342285e-01  -3.2024678e+00
