   1.2629909e-02   2.7005539e-02
  -1.6789477e-03  -1.1979000e-01
  -6.1065466e-03  -9.6455297e-02
  -1.3629364e-03   6.2309616e-02
   1.0155806e-02   3.9471820e-02
  -6.3496535e-03   3.7786822e-02
  -7.2447980e-03   3.5412182e-02
  -3.7163918e-03  -5.7472204e-03
  -1.0793588e-02   5.3800414e-02
   9.2666836e-03   1.1898982e-01
  -8.8034085e-01  -5.8021566e-02
  -8.7490090e-01   9.0564638e-02
  -8.8080524e-01  -1.8968255e-01
  -8.8492109e-01  -1.3268065e-01
  -8.8382873e-01  -2.6612038e-01
  -8.8117557e-01  -5.6386970e-01
  -8.8390073e-01  -5.8573913e-01
  -8.9464162e-01  -7.8283500e-01
  -8.7847464e-01  -9.3075641e-01
  -8.9604534e-01  -1.1965808e+00
  -8.8683165e-01  -1.2120522e+00
  -8.8490727e-01  -1.4639698e+00
  -8.7142544e-01  -1.4321373e+00
  -8.8340432e-01  -1.7642824e+00
  -8.9181775e-01  -1.7682014e+00
  -8.7678949e-01  -1.9471125e+00
  -8.7971133e-01  -2.0361882e+00
  -8.9119908e-01  -2.1391717e+00
  -8.9539958e-01  -2.2581767e+00
  -8.9046222e-01  -2.2583034e+00
  -8.7343953e-01  -2.3802188e+00
  -8.8155872e-01  -2.4283519e+00
  -8.8556031e-01  -2.3177107e+00
  -8.7618669e-01  -2.5239274e+00
  -8.8799077e-01  -2.5820982e+00
  -8.9473649e-01  -2.5035366e+00
  -8.7151840e-01  -2.5915454e+00
  -8.8954263e-01  -2.7417708e+00
  -8.8285835e-01  -2.6760758e+00
  -8.9439701e-01  -2.7361089e+00
  -8.8681111e-01  -2.7371813e+00
  -8.8939563e-01  -2.6794753e+00
  -8.8909040e-01  -2.7695673e+00
  -8.8874264e-01  -2.8679866e+00
  -8.9633171e-01  -2.8927787e+00
  -8.8121880e-01  -2.8935717e+00
  -8.7650309e-01  -3.0216891e+00
  -8.8669720e-01  -2.9289368e+00
  -8.9136923e-01  -2.9838401e+00
  -8.8479975e-01  -2.9911356e+00
  -8.8546077e-01  -2.9637174e+00
  -8.8272223e-01  -2.9785127e+00
  -8.8549467e-01  -3.0251820e+00
  -8.9592153e-01  -2.9484072e+00
  -8.9372575e-01  -2.9953038e+00
  -8.9006480e-01  -2.9371031e+00
  -8.9591963e-01  -3.0640645e+00
  -8.9399294e-01  -2.9718412e+00
  -8.8843197e-01  -3.1622190e+00
  -8.7163118e-01  -2.9569222e+00
  -8.8264775e-01  -3.1171922e+00
  -8.8093164e-01  -2.9509234e+00
  -8.7970734e-01  -3.0663328e+00
  -8.8411756e-01  -3.0435570e+00
  -8.7415601e-01  -3.1220854e+00
  -8.7995363e-01  -3.1128268e+00
  -8.7067647e-01  -3.1499653e+00
  -8.7587609e-01  -3.1097545e+00
  -8.7088462e-01  -3.1120450e+00
  -8.8963259e-01  -3.0148747e+00
  -8.9317370e-01  -3.1630746e+00
  -8.7789258e-01  -2.9990664e+00
  -8.8864193e-01  -3.1361495e+00
  -8.8168462e-01  -3.1185052e+00
  -8.9232897e-01  -3.1710976e+00
  -8.9004243e-01  -3.0506450e+00
  -8.8795066e-01  -3.0686037e+00
  -8.8422429e-01  -3.0989983e+00
  -8.7943923e-01  -3.2257040e+00
  -9.5762569e-01  -3.0843139e+00
  -9.5955060e-01  -3.2389172e+00
  -9.6185068e-01  -3.0617838e+00
  -9.6831073e-01  -3.1879304e+00
  -9.5932721e-01  -3.1431716e+00
  -9.5341422e-01  -3.2726002e+00
  -9.5106466e-01  -3.2066615e+00
  -9.4303759e-01  -3.1628571e+00
  -9.5985098e-01  -3.2861467e+00
  -9.4394143e-01  -3.2882740e+00
  -9.6628993e-01  -3.2745726e+00
  -9.5302085e-01  -3.3391710e+00
  -9.6250882e-01  -3.2953794e+00
  -9.4323065e-01  -3.5387830e+00
  -9.5304839e-01  -3.5251519e+00
  -9.5500675e-01  -3.4793472e+00
  -9.4287794e-01  -3.3823236e+00
  -9.6071091e-01  -3.5539770e+00
  -9.6240210e-01  -3.5283924e+00
  -9.6078792e-01  -3.5706404e+00
  -9.6553086e-01  -3.4509396e+00
  -9.5460215e-01  -3.4411488e+00
  -9.6504598e-01  -3.5273186e+00
  -9.4261648e-01  -3.5039630e+00
  -9.5137890e-01  -3.6376217e+00
  -9.4564201e-01  -3.5877720e+00
  -9.6349236e-01  -3.7143884e+00
  -9.5275764e-01  -3.6023823e+00
  -9.6811149e-01  -3.5518286e+00
  -9.4667438e-01  -3.6288317e+00
  -9.4772863e-01  -3.6653787e+00
  -9.6721939e-01  -3.7446986e+00
  -9.5212347e-01  -3.5221871e+00
  -9.5281087e-01  -3.7027121e+00
  -9.5273514e-01  -3.5291823e+00
  -9.6025340e-01  -3.7304970e+00
  -9.6670407e-01  -3.5568886e+00
  -9.4316615e-01  -3.7677936e+00
  -9.5912074e-01  -3.6290867e+00
  -9.4741118e-01  -3.6555278e+00
  -9.4409177e-01  -3.7201535e+00
  -9.5888316e-01  -3.6321760e+00
  -9.6279268e-01  -3.6002353e+00
  -9.4823001e-01  -3.5505152e+00
  -9.6013224e-01  -3.6823782e+00
  -9.4251480e-01  -3.6661879e+00
  -9.5035236e-01  -3.5583204e+00
  -9.5975031e-01  -3.6231529e+00
  -9.4576251e-01  -3.7258843e+00
  -9.5760497e-01  -3.5652072e+00
  -9.4817740e-01  -3.7505365e+00
  -9.4958107e-01  -3.7135302e+00
  -9.5465651e-01  -3.7966166e+00
  -9.6104443e-01  -3.7771629e+00
  -9.6508411e-01  -3.7533851e+00
  -9.4450455e-01  -3.5936205e+00
  -9.5755997e-01  -3.7941844e+00
  -9.4736006e-01  -3.7566466e+00
  -9.4461874e-01  -3.7758446e+00
  -9.5993384e-01  -3.7501356e+00
  -9.6551380e-01  -3.7251922e+00
  -9.4957586e-01  -3.7660386e+00
  -9.6621443e-01  -3.7345039e+00
  -9.5331631e-01  -3.5720487e+00
  -9.4904501e-01  -3.7714036e+00
  -9.4929570e-01  -3.6959466e+00
  -9.4479605e-01  -3.6773868e+00
  -9.6503689e-01  -3.7089005e+00
  -9.6159835e-01  -3.6093776e+00
   1.1404899e-01  -3.6738811e+00
   1.2474237e-01  -3.7783376e+00
   1.1113208e-01  -3.6302740e+00
   1.2319486e-01  -3.4965975e+00
   1.2724410e-01  -3.2746734e+00
   1.2381732e-01  -3.0338005e+00
   1.2502497e-01  -2.8468631e+00
   1.2242558e-01  -2.7884235e+00
   1.1509174e-01  -2.5553727e+00
   1.2133265e-01  -2.4868823e+00
   1.2237543e-01  -2.1513766e+00
   1.1863513e-01  -2.0525896e+00
   1.0609760e-01  -2.0083097e+00
   1.1214163e-01  -1.8526409e+00
   1.1069086e-01  -1.5936436e+00
   1.2570999e-01  -1.4860502e+00
   1.0991015e-01  -1.3419625e+00
   1.0788321e-01  -1.3912372e+00
   1.1755954e-01  -1.2755230e+00
   1.2655979e-01  -1.0927455e+00
   1.2214666e-01  -1.0539673e+00
   1.1399629e-01  -1.0085605e+00
   1.1027698e-01  -7.7798013e-01
   1.1436974e-01  -7.7909752e-01
   1.1849238e-01  -8.6454210e-01
   1.1189538e-01  -7.7085612e-01
   1.2031669e-01  -6.7213177e-01
   1.0801175e-01  -6.5971790e-01
   1.0545831e-01  -6.2276815e-01
   1.0728200e-01  -4.8750514e-01
   1.1950330e-01  -5.3100589e-01
   1.2588520e-01  -3.7606104e-01
   1.1429739e-01  -3.4318122e-01
   1.2768429e-01  -5.0034479e-01
   1.1453993e-01  -4.7196028e-01
   1.1893820e-01  -2.8939695e-01
   1.1271747e-01  -3.1407652e-01
   1.1779050e-01  -3.2099462e-01
   1.1317878e-01  -3.9067412e-01
   1.0641369e-01  -3.4218700e-01
   1.2133803e-01  -3.6080210e-01
   1.2429266e-01  -2.2986297e-01
   1.2347474e-01  -2.4233557e-01
   1.0890362e-01  -1.3632114e-01
   1.1963534e-01  -1.5202386e-01
   1.0349355e-01  -2.2963152e-01
   1.1554727e-01  -2.0114742e-01
   1.0691129e-01  -5.6054819e-02
   1.1479474e-01  -1.0309038e-01
   1.1876657e-01  -1.8329579e-01
   1.0901068e-01  -1.7774270e-01
   1.0643589e-01  -8.9657570e-02
   1.0380163e-01  -2.3000968e-01
   1.2437948e-01  -7.7286995e-02
   1.0999472e-01  -5.0371557e-02
   1.0668763e-01  -2.0673795e-01
   1.1575015e-01  -6.4447423e-02
   1.1795997e-01  -1.2514333e-01
   1.0497802e-01  -3.2117379e-02
   1.2814207e-01  -9.2655760e-02
   1.1868271e-01  -1.2041476e-01
   1.2724089e-01  -8.4764982e-02
   1.0932222e-01  -5.8829429e-02
   1.1994722e-01   2.3957903e-02
   1.1342880e-01  -5.1704101e-02
   1.1069826e-01  -1.7955818e-01
   1.1343266e-01  -1.6716449e-01
   1.1457098e-01  -1.1164100e-01
   1.1596141e-01  -1.8573593e-01
   7.8966237e-01  -6.3349680e-02
   7.7940901e-01  -1.6137176e-01
   7.9338678e-01   7.5734605e-02
   7.8553140e-01  -7.9291644e-02
   7.8095402e-01   4.7783444e-02
   7.8196535e-01   2.9770551e-01
   7.9712217e-01   3.8820378e-01
   7.9084408e-01   5.1380451e-01
   7.9395246e-01   5.3596014e-01
   7.9192235e-01   6.4156658e-01
   7.8915629e-01   6.7769642e-01
   7.9395550e-01   7.7263439e-01
   7.9324364e-01   8.5919702e-01
   7.8038134e-01   9.0710586e-01
   7.8837820e-01   1.0370077e+00
   8.0234679e-01   1.1574580e+00
   7.8470938e-01   1.1407356e+00
   7.9511432e-01   1.2793096e+00
   7.9760181e-01   1.2712334e+00
   7.8376751e-01   1.2036448e+00
   7.8743856e-01   1.3903382e+00
   7.8929548e-01   1.3893859e+00
   7.7787413e-01   1.4801023e+00
   7.8904743e-01   1.4320930e+00
   7.8752840e-01   1.5319265e+00
   7.9659435e-01   1.3831529e+00
   7.9557093e-01   1.4628743e+00
   7.9172918e-01   1.4108611e+00
   7.8030201e-01   1.5956535e+00
   7.9568389e-01   1.6130433e+00
   7.8885192e-01   1.5798330e+00
   7.8623266e-01   1.6535459e+00
   7.8930963e-01   1.5978078e+00
   7.8887634e-01   1.5430120e+00
   7.8775635e-01   1.6425809e+00
   7.9722450e-01   1.5518575e+00
   8.0215386e-01   1.7541120e+00
   7.7812327e-01   1.5716759e+00
   7.8959106e-01   1.6513662e+00
   7.7898060e-01   1.6326509e+00
   7.9836206e-01   1.6200466e+00
   8.0091347e-01   1.6127985e+00
   7.8731878e-01   1.6038213e+00
   7.9203067e-01   1.8139693e+00
   8.0058933e-01   1.6481552e+00
   7.7841509e-01   1.8400888e+00
   7.7963151e-01   1.7877928e+00
   7.8909779e-01   1.7650503e+00
   8.0274504e-01   1.8269226e+00
   8.0014477e-01   1.7112977e+00
   7.8283147e-01   1.6848835e+00
   7.8359865e-01   1.6797411e+00
   7.9343771e-01   1.7583451e+00
   7.8134776e-01   1.8309711e+00
   7.9173691e-01   1.7130932e+00
   7.9405627e-01   1.7340406e+00
   8.0277814e-01   1.7708476e+00
   7.9043100e-01   1.8329278e+00
   7.9178085e-01   1.7861314e+00
   7.7723388e-01   1.8622042e+00
   7.9907161e-01   1.8587052e+00
   7.8641817e-01   1.8935024e+00
   7.9368894e-01   1.7548087e+00
   7.9712555e-01   1.8538522e+00
   7.8098226e-01   1.7129833e+00
   8.0210160e-01   1.8831134e+00
   7.8925533e-01   1.8295430e+00
   7.7964496e-01   1.8960421e+00
   7.8797480e-01   1.8561376e+00
   4.0344262e-01   1.7651438e+00
   4.0355787e-01   1.8324632e+00
   4.0967259e-01   1.7609992e+00
   4.1148347e-01   1.6416483e+00
   4.0153821e-01   1.6776705e+00
   4.1133743e-01   1.4906488e+00
   3.9659731e-01   1.5018131e+00
   3.9230537e-01   1.2022134e+00
   3.9900208e-01   1.1466062e+00
   3.9983296e-01   1.0840092e+00
   4.1000935e-01   9.8119284e-01
   4.0439991e-01   8.7810422e-01
   3.9170839e-01   9.5345326e-01
   3.9778682e-01   6.7975773e-01
   3.9371863e-01   6.3317426e-01
   4.0650172e-01   6.8002848e-01
   4.0182877e-01   5.7893761e-01
   3.9307916e-01   5.8902443e-01
   4.1206375e-01   4.7004232e-01
   4.1089481e-01   4.8776776e-01
   3.9499664e-01   4.8283007e-01
   4.1400747e-01   3.6525382e-01
   4.0702294e-01   4.2695975e-01
   4.1671475e-01   2.0010587e-01
   3.9608299e-01   3.1687101e-01
   4.1027796e-01   3.0876233e-01
   3.9524094e-01   1.3395544e-01
   3.9959274e-01   1.3541305e-01
   3.9490019e-01   2.0095563e-01
   4.0575084e-01   5.6450096e-02
   3.9942074e-01   9.1672345e-02
   4.0406559e-01   1.1366006e-01
   3.9820506e-01   7.5678951e-03
   4.1654089e-01   7.3103839e-02
   3.9481485e-01   1.6032206e-01
   3.9705819e-01   8.7457459e-02
   3.9927591e-01   8.4256317e-02
   3.9993595e-01   6.9358464e-02
   4.0067928e-01  -6.9185080e-02
   4.0632452e-01   8.6047846e-02
   4.0777584e-01  -4.6739279e-02
   4.1487091e-01  -3.1455504e-02
   4.1530716e-01  -1.2965345e-01
   4.1391931e-01  -5.0089965e-02
   3.9754446e-01   2.8594832e-02
   4.1410277e-01   3.4525300e-02
   3.9875084e-01  -1.3069989e-01
   4.1198789e-01  -9.1886802e-02
   4.0748792e-01   3.2436538e-02
   4.1262256e-01  -9.6059988e-02
   3.9783134e-01  -7.2022542e-02
   4.1358351e-01  -5.0759205e-02
   3.9720596e-01  -7.1504044e-02
   4.0182613e-01  -9.8739724e-02
   3.9544086e-01   3.3092736e-02
   3.9897626e-01  -1.7943911e-01
   3.9484826e-01  -1.0713777e-01
   3.9664815e-01   1.9404807e-02
   4.1050122e-01  -2.3748814e-02
   3.9558136e-01   1.2529442e-02
   4.0348463e-01  -1.9073764e-01
   4.0795830e-01  -1.8164271e-01
   4.0997666e-01  -1.0770144e-01
   4.1084980e-01  -9.2091320e-02
   4.0541166e-01  -4.7365294e-02
   4.1638740e-01  -1.2401995e-01
   4.1475272e-01  -1.5214952e-02
   3.9944466e-01  -1.1227479e-01
   4.0963865e-01  -1.4201231e-01
  -7.0212620e-01  -9.6999765e-02
  -6.9149836e-01  -7.8196744e-02
  -7.0733078e-01  -2.3022551e-01
  -6.9976554e-01  -2.8383397e-01
  -6.9352823e-01  -3.2704322e-01
  -6.9930548e-01  -3.4789143e-01
  -6.9322675e-01  -5.1662734e-01
  -6.9579644e-01  -5.0229370e-01
  -6.9462823e-01  -6.2845809e-01
  -7.1198198e-01  -6.7270043e-01
  -6.9490755e-01  -8.5240070e-01
  -6.8823147e-01  -8.5867852e-01
  -6.9864755e-01  -1.0182291e+00
  -7.0816357e-01  -9.5471672e-01
  -7.0866585e-01  -1.1862835e+00
  -7.0049706e-01  -1.0892626e+00
  -7.0301701e-01  -1.1471665e+00
  -6.9145570e-01  -1.3202295e+00
  -6.9023146e-01  -1.3901016e+00
  -7.0838795e-01  -1.3157627e+00
  -7.0676569e-01  -1.4273838e+00
  -7.1101783e-01  -1.3023955e+00
  -7.0762557e-01  -1.5433008e+00
  -6.9420325e-01  -1.3966029e+00
  -7.0689131e-01  -1.5794972e+00
  -7.0528865e-01  -1.6166812e+00
  -6.8704666e-01  -1.5411320e+00
  -6.8796190e-01  -1.5149748e+00
  -6.9502747e-01  -1.6746689e+00
  -6.8677915e-01  -1.7310291e+00
  -6.9876595e-01  -1.7377186e+00
  -7.0105089e-01  -1.7638233e+00
  -7.0696520e-01  -1.7035305e+00
  -7.0570976e-01  -1.7486850e+00
  -6.8975665e-01  -1.7024378e+00
  -7.0292905e-01  -1.6541825e+00
  -7.0774818e-01  -1.8135312e+00
  -7.1057986e-01  -1.8242748e+00
  -6.9533613e-01  -1.6911606e+00
  -6.8659690e-01  -1.6688375e+00
  -7.0039922e-01  -1.7383299e+00
  -7.1092883e-01  -1.8618043e+00
  -6.9511511e-01  -1.6787743e+00
  -6.8983812e-01  -1.6635690e+00
  -6.9923915e-01  -1.8240989e+00
  -7.0371638e-01  -1.8361291e+00
  -6.9271747e-01  -1.7123432e+00
  -7.1158845e-01  -1.9065079e+00
  -6.8981489e-01  -1.6950009e+00
  -6.9995436e-01  -1.8675205e+00
  -6.9260208e-01  -1.8032304e+00
  -6.9115279e-01  -1.8997187e+00
  -7.0864704e-01  -1.7490044e+00
  -6.9545342e-01  -1.7135630e+00
  -6.9825957e-01  -1.7660350e+00
  -7.1073461e-01  -1.7997614e+00
  -6.8613631e-01  -1.9153782e+00
  -7.0094429e-01  -1.8014953e+00
  -6.9227146e-01  -1.7365384e+00
  -7.0857047e-01  -1.8279662e+00
  -6.8867488e-01  -1.8738999e+00
  -6.8897443e-01  -1.8662199e+00
  -6.9836965e-01  -1.8691727e+00
  -7.1050860e-01  -1.8306354e+00
  -6.9687966e-01  -1.8877084e+00
  -7.0219333e-01  -1.8848999e+00
  -6.8826103e-01  -1.9055627e+00
  -6.9240377e-01  -1.8398717e+00
  -6.9659983e-01  -1.7381209e+00
   5.8282466e-01  -1.9255149e+00
   5.8916753e-01  -1.7569234e+00
   5.9066353e-01  -1.7377458e+00
   5.7659224e-01  -1.7287619e+00
   5.9677847e-01  -1.5626961e+00
   5.9831213e-01  -1.5469725e+00
   5.7965919e-01  -1.4589654e+00
   5.9927776e-01  -1.1668199e+00
   5.7740793e-01  -1.0812899e+00
   5.9226142e-01  -1.1086517e+00
   5.9661063e-01  -9.5323533e-01
   5.9000730e-01  -7.7332529e-01
   5.8549531e-01  -6.9568180e-01
   5.7723657e-01  -6.8138020e-01
   5.8567723e-01  -6.5147004e-01
   5.7974103e-01  -5.1085268e-01
   5.8228894e-01  -4.0216024e-01
   5.7949504e-01  -5.2698012e-01
   5.9841767e-01  -3.5508859e-01
   5.7847992e-01  -1.9249310e-01
   5.9144620e-01  -2.5795558e-01
   5.9792652e-01  -3.0261982e-01
   5.9083017e-01  -2.7699259e-01
   5.7434980e-01  -2.1497156e-01
   5.9789561e-01  -1.5097349e-01
   5.7509507e-01   9.9981113e-04
   5.8495259e-01  -1.2605338e-02
   5.7418271e-01  -2.8312238e-02
   5.7830349e-01  -7.4830916e-02
   5.9895944e-01   4.9836148e-02
   5.9308915e-01   1.5626023e-01
   5.8406286e-01   1.8460695e-01
   5.9382682e-01   1.6196297e-01
   5.7772391e-01   2.3956314e-01
   5.9272275e-01   9.7905402e-02
   5.9090508e-01   1.8905655e-01
   5.8934326e-01   2.7387649e-01
   5.8505794e-01   2.2649205e-01
   5.8760493e-01   3.0614882e-01
   5.8581879e-01   1.1528328e-01
   5.8531214e-01   1.1790727e-01
   5.8529657e-01   2.7945156e-01
   5.8997531e-01   2.6551038e-01
   5.8701794e-01   1.4145433e-01
   5.8018944e-01   3.5477183e-01
   5.8936339e-01   3.2135434e-01
   5.9653476e-01   3.1414934e-01
   5.9185033e-01   2.1251938e-01
   5.9522046e-01   3.0714543e-01
   5.8512953e-01   1.6615562e-01
   5.8111386e-01   3.9379501e-01
   5.9295834e-01   2.5170085e-01
   5.8680155e-01   3.6200280e-01
   5.7581432e-01   1.9315680e-01
   5.8987458e-01   3.2202211e-01
   5.7788924e-01   4.0055932e-01
   5.9572274e-01   3.5735920e-01
   5.9173363e-01   3.5321685e-01
   5.8669022e-01   3.6432950e-01
   5.9726727e-01   3.7476690e-01
   5.9681182e-01   2.4160412e-01
   5.9653964e-01   3.7310146e-01
   5.8603499e-01   2.9610881e-01
   5.8019328e-01   2.8516906e-01
   5.9963382e-01   2.1090586e-01
   5.8897602e-01   2.7581068e-01
   5.8327660e-01   3.2843950e-01
   5.7482654e-01   3.2227088e-01
   5.8469512e-01   4.2318791e-01
  -8.2792744e-01   2.5869547e-01
  -8.4630458e-01   2.2218928e-01
  -8.2552332e-01   2.8036970e-01
  -8.3864646e-01   1.0735778e-01
  -8.3995328e-01  -1.2140340e-01
  -8.3484329e-01  -1.7438944e-01
  -8.3913836e-01  -2.2504410e-01
  -8.2436027e-01  -4.0304621e-01
  -8.4180429e-01  -7.1626661e-01
  -8.4464497e-01  -8.5584822e-01
  -8.3227793e-01  -9.1675765e-01
  -8.4565876e-01  -1.0557245e+00
  -8.3126330e-01  -1.3226045e+00
  -8.3709557e-01  -1.2679125e+00
  -8.3737504e-01  -1.4807007e+00
  -8.3888738e-01  -1.5155090e+00
  -8.3984497e-01  -1.5949914e+00
  -8.4612340e-01  -1.6397991e+00
  -8.4703972e-01  -1.8538636e+00
  -8.2721385e-01  -1.9911435e+00
  -8.4794343e-01  -2.0292839e+00
  -8.2746403e-01  -2.0521282e+00
  -8.3170386e-01  -2.1523024e+00
  -8.4018892e-01  -2.1202904e+00
  -8.2777125e-01  -2.1997175e+00
  -8.3669683e-01  -2.2879053e+00
  -8.4041265e-01  -2.1696918e+00
  -8.2649443e-01  -2.2196169e+00
  -8.3465068e-01  -2.2419483e+00
  -8.3048775e-01  -2.3032046e+00
  -8.4654441e-01  -2.3571472e+00
  -8.3653163e-01  -2.4001026e+00
  -8.2981836e-01  -2.5005872e+00
  -8.3157683e-01  -2.4884803e+00
  -8.3013343e-01  -2.5004254e+00
  -8.3894565e-01  -2.4814793e+00
  -8.2979937e-01  -2.4627252e+00
  -8.3517114e-01  -2.5324778e+00
  -8.4001966e-01  -2.5610691e+00
  -8.2539328e-01  -2.5747194e+00
  -8.3762469e-01  -2.5892890e+00
  -8.2259062e-01  -2.6892943e+00
  -8.4571121e-01  -2.5563036e+00
  -8.3093897e-01  -2.6179739e+00
  -8.2410408e-01  -2.5457550e+00
  -8.3657174e-01  -2.7183468e+00
  -8.3989377e-01  -2.7755691e+00
  -8.3436304e-01  -2.7833672e+00
  -8.2502034e-01  -2.5700530e+00
  -8.2382952e-01  -2.6848281e+00
  -8.3171380e-01  -2.5849545e+00
  -8.4059334e-01  -2.5958303e+00
  -8.2581904e-01  -2.6673443e+00
  -8.4226469e-01  -2.7167002e+00
  -8.4467609e-01  -2.8138053e+00
  -8.3408455e-01  -2.8192129e+00
  -8.4507505e-01  -2.6718286e+00
  -8.3318996e-01  -2.7783675e+00
  -8.4675835e-01  -2.7829835e+00
  -8.3728697e-01  -2.8316208e+00
  -8.3589158e-01  -2.6911428e+00
  -8.3553954e-01  -2.7355064e+00
  -8.4666014e-01  -2.6348001e+00
  -8.4366266e-01  -2.7906148e+00
  -8.2354434e-01  -2.8090659e+00
  -8.3791360e-01  -2.7271574e+00
  -8.4296707e-01  -2.8029033e+00
  -8.3271790e-01  -2.8152250e+00
  -8.4115070e-01  -2.7108801e+00
   3.1568433e-01  -2.7837408e+00
   3.1021161e-01  -2.7756370e+00
   3.1698421e-01  -2.6366507e+00
   3.0772700e-01  -2.6981161e+00
   3.0363640e-01  -2.5906327e+00
   3.2475210e-01  -2.3714771e+00
   3.2229063e-01  -2.0944690e+00
   3.2254799e-01  -2.0351270e+00
   3.0773646e-01  -1.9110842e+00
   3.2003741e-01  -1.7577426e+00
   3.1374794e-01  -1.6365000e+00
   3.0624499e-01  -1.4754195e+00
   3.2396304e-01  -1.5622104e+00
   3.1953391e-01  -1.4600827e+00
   3.1947204e-01  -1.3963221e+00
   3.2231474e-01  -1.1975117e+00
   3.1943588e-01  -1.0212178e+00
   3.0444445e-01  -1.0903759e+00
   3.1265135e-01  -9.3708608e-01
   3.2212697e-01  -8.1722795e-01
   3.1741520e-01  -8.6187348e-01
   3.2263298e-01  -8.6511913e-01
   3.1860038e-01  -8.5478121e-01
   3.2383096e-01  -6.5137687e-01
   3.2825207e-01  -7.4698213e-01
   3.2038532e-01  -5.8578137e-01
   3.1396526e-01  -5.3293988e-01
   3.1604822e-01  -6.6368984e-01
   3.1541134e-01  -5.5012835e-01
   3.2624259e-01  -5.7086011e-01
   3.1217434e-01  -5.5584455e-01
   3.2207772e-01  -5.5349770e-01
   3.0983781e-01  -3.7698608e-01
   3.2419096e-01  -4.0412746e-01
   3.2709498e-01  -3.4839065e-01
   3.0770849e-01  -2.5724275e-01
   3.2795279e-01  -4.3431429e-01
   3.1067682e-01  -2.6437201e-01
   3.1987966e-01  -3.5193106e-01
   3.1211675e-01  -3.7128528e-01
   3.1373305e-01  -3.9262372e-01
   3.1305538e-01  -2.5670058e-01
   3.2759479e-01  -3.1801251e-01
   3.1871543e-01  -3.2730566e-01
   3.2702776e-01  -3.3763754e-01
   3.0814401e-01  -3.0733099e-01
   3.1792677e-01  -1.7048145e-01
   3.1519879e-01  -1.6187431e-01
   3.2144855e-01  -1.1732745e-01
   3.0924570e-01  -1.8940368e-01
   3.0867152e-01  -2.1140071e-01
   3.0668078e-01  -1.8987812e-01
   3.2413854e-01  -2.1081985e-01
   3.0868957e-01  -1.0848098e-01
   3.2713149e-01  -1.2215929e-01
   3.1386629e-01  -2.0082237e-01
   3.0601342e-01  -1.6994131e-01
   3.1541243e-01  -9.3520079e-02
   3.2106438e-01  -1.0833674e-01
   3.1287201e-01  -1.3271731e-01
   3.1638375e-01  -1.6615934e-01
   3.2684294e-01  -2.8991362e-01
   3.0416519e-01  -1.1207383e-01
   3.1040947e-01  -2.6174006e-01
   3.2164653e-01  -1.9140015e-01
   3.1265776e-01  -1.2133836e-01
   3.2545119e-01  -2.7211962e-01
   3.1896669e-01  -2.1661535e-01
   3.2780311e-01  -2.2630832e-01
  -8.0117451e-01  -1.4291337e-01
  -8.0542004e-01  -1.5056650e-01
  -8.1868292e-01  -2.6917633e-01
  -8.0709423e-01  -3.3757886e-01
  -8.0403076e-01  -3.6558080e-01
  -8.0785266e-01  -6.2212224e-01
  -8.2201169e-01  -5.8387995e-01
  -8.1879709e-01  -7.1770309e-01
  -8.1141584e-01  -8.6969095e-01
  -8.1872068e-01  -9.9922593e-01
  -8.2198539e-01  -1.1927047e+00
  -8.1734427e-01  -1.3482083e+00
  -8.1259554e-01  -1.4220841e+00
  -8.0788907e-01  -1.3452233e+00
  -8.1447377e-01  -1.4835045e+00
  -7.9915704e-01  -1.5113049e+00
  -8.1860410e-01  -1.7681058e+00
  -8.1302164e-01  -1.8429197e+00
  -8.0571598e-01  -1.7799446e+00
  -8.1138429e-01  -1.9680895e+00
  -8.0498842e-01  -1.9840083e+00
  -8.1577398e-01  -1.9870920e+00
  -8.2305879e-01  -2.0512882e+00
  -8.0681645e-01  -2.2053277e+00
  -8.1339489e-01  -2.0360499e+00
  -8.2241549e-01  -2.2817656e+00
  -8.1423191e-01  -2.0895584e+00
  -8.1807272e-01  -2.3089305e+00
  -8.0056310e-01  -2.3289972e+00
  -8.2337122e-01  -2.2594771e+00
  -8.1271685e-01  -2.4229784e+00
  -8.1720080e-01  -2.3723651e+00
  -8.1661130e-01  -2.3242584e+00
  -8.2172731e-01  -2.3777281e+00
  -8.1594271e-01  -2.4219199e+00
  -8.1317365e-01  -2.5251684e+00
  -8.1223635e-01  -2.4672225e+00
  -8.2224311e-01  -2.4602376e+00
  -8.0454871e-01  -2.5582698e+00
  -8.0207457e-01  -2.5253224e+00
  -8.1316137e-01  -2.4289898e+00
  -8.1563261e-01  -2.4234684e+00
  -8.2292716e-01  -2.4724155e+00
  -8.0343880e-01  -2.5605830e+00
  -8.1995120e-01  -2.4206378e+00
  -8.1269101e-01  -2.5114917e+00
  -8.2285889e-01  -2.4288725e+00
  -7.9973934e-01  -2.6232053e+00
  -8.0032779e-01  -2.4511061e+00
  -8.2348071e-01  -2.4683355e+00
  -8.1548592e-01  -2.6073588e+00
  -8.0869689e-01  -2.5239598e+00
  -8.0826469e-01  -2.5099815e+00
  -8.1761582e-01  -2.6341836e+00
  -8.0131566e-01  -2.6671480e+00
  -8.2410190e-01  -2.5450696e+00
  -8.0913844e-01  -2.6766345e+00
  -7.9987576e-01  -2.5433653e+00
  -8.0106652e-01  -2.5715481e+00
  -8.1324263e-01  -2.5304288e+00
  -8.1675539e-01  -2.5578171e+00
  -8.1251496e-01  -2.6629196e+00
  -8.0595357e-01  -2.5316914e+00
  -8.2147186e-01  -2.6216357e+00
  -8.0992233e-01  -2.6494218e+00
  -8.0341420e-01  -2.5480614e+00
  -8.0676409e-01  -2.4824432e+00
  -8.2363610e-01  -2.6067877e+00
  -8.0193971e-01  -2.7071845e+00
   5.5108287e-02  -2.5919144e+00
   5.1033453e-02  -2.6414883e+00
   4.8701108e-02  -2.4709683e+00
   6.3063685e-02  -2.5319703e+00
   6.7115029e-02  -2.2215098e+00
   5.8193386e-02  -2.0854479e+00
   6.4397018e-02  -2.1557620e+00
   5.5880561e-02  -2.0253979e+00
   5.8133576e-02  -1.8580007e+00
   6.3797460e-02  -1.6420046e+00
   4.3764525e-02  -1.6051533e+00
   6.2408215e-02  -1.5431985e+00
   5.2570983e-02  -1.4384656e+00
   5.6412588e-02  -1.2899416e+00
   5.9272462e-02  -1.1939303e+00
   5.7237256e-02  -1.0648971e+00
   4.9723501e-02  -1.0559611e+00
   4.4966741e-02  -9.8151400e-01
   6.3409974e-02  -8.3576190e-01
   5.6773733e-02  -7.4492748e-01
   4.9292030e-02  -7.0427195e-01
   6.8218580e-02  -5.8541194e-01
   4.4238222e-02  -5.4697979e-01
   5.3453511e-02  -4.7217581e-01
   4.3979867e-02  -5.0145921e-01
   4.7830153e-02  -3.9899330e-01
   5.5660697e-02  -4.7455303e-01
   6.7852080e-02  -4.5667799e-01
   5.3896942e-02  -4.2711802e-01
   6.3174697e-02  -2.4121038e-01
   6.0122422e-02  -3.2553231e-01
   5.4139936e-02  -2.3240404e-01
   6.2317118e-02  -1.7442464e-01
   4.7668117e-02  -1.7259692e-01
   5.1657329e-02  -3.4677961e-01
   5.4411971e-02  -1.9614819e-01
   5.4168421e-02  -2.6538641e-01
   5.2903386e-02  -1.2587056e-01
   5.7834689e-02  -2.2984704e-01
   6.3517825e-02  -2.1449658e-01
   4.4167844e-02  -1.8768076e-01
   6.4567128e-02  -1.4792950e-01
   4.6433902e-02  -1.5578234e-01
   6.5867773e-02  -1.2794341e-01
   6.8117277e-02  -9.5747310e-02
   4.5970415e-02  -1.2697711e-01
   5.3663159e-02  -6.5829313e-02
   5.9401758e-02  -1.8275850e-01
   5.3885465e-02   1.5097101e-02
   5.2943814e-02  -1.3763638e-01
   6.6911005e-02  -8.7777338e-02
   4.7675773e-02  -1.4231111e-01
   4.8568892e-02   8.4256762e-03
   6.3561765e-02  -6.5070416e-02
   6.5212713e-02  -1.6413222e-04
   6.0410714e-02  -5.7560393e-02
   5.0889339e-02  -1.4444676e-01
   6.2721832e-02  -1.1789226e-01
   5.6206766e-02  -4.7676546e-02
   4.6200122e-02  -9.7443729e-02
   5.6941267e-02   3.4324570e-02
   6.0703498e-02   6.4150700e-02
   6.7035647e-02   2.1585779e-02
   6.0385942e-02  -1.1248618e-01
   5.0537322e-02  -5.3622514e-02
   4.4685424e-02  -7.3777921e-02
   6.1878141e-02  -8.7457529e-02
   5.8992854e-02   5.2785895e-02
   6.1336456e-02   6.2792180e-02
  -4.4572050e-01  -7.2400444e-02
  -4.2920609e-01  -1.2636778e-01
  -4.4725082e-01  -1.9146396e-02
  -4.2643824e-01  -1.4007364e-01
  -4.2631858e-01  -1.3183123e-01
  -4.3499701e-01  -4.7485313e-03
  -4.2294537e-01  -2.2052854e-01
  -4.3942724e-01  -7.0672751e-02
  -4.4411343e-01  -2.9027635e-01
  -4.2542190e-01  -1.4268187e-01
  -4.3085789e-01  -2.3248268e-01
  -4.4321541e-01  -3.0755454e-01
  -4.4137218e-01  -3.9813645e-01
  -4.2719438e-01  -2.5717911e-01
  -4.4102030e-01  -3.0735745e-01
  -4.3299604e-01  -3.8861594e-01
  -4.2590960e-01  -3.9826775e-01
  -4.2428034e-01  -3.2139446e-01
  -4.4043110e-01  -3.8475787e-01
  -4.2364058e-01  -4.9999489e-01
  -4.4043295e-01  -4.7089288e-01
  -4.3465202e-01  -3.6735714e-01
  -4.2723708e-01  -3.2680801e-01
  -4.4591046e-01  -5.5718226e-01
  -4.2484945e-01  -3.6960034e-01
  -4.2290126e-01  -5.8816886e-01
  -4.3841104e-01  -4.7779501e-01
  -4.2175895e-01  -5.8590471e-01
  -4.3216360e-01  -5.6320529e-01
  -4.3969720e-01  -5.4278418e-01
  -4.2979473e-01  -5.1782203e-01
  -4.4120898e-01  -5.3887973e-01
  -4.3643581e-01  -4.2887775e-01
  -4.4593373e-01  -5.4474335e-01
  -4.4648817e-01  -6.1882353e-01
  -4.4184004e-01  -5.0342442e-01
  -4.2383574e-01  -6.2150432e-01
  -4.3899015e-01  -6.2058702e-01
  -4.3182583e-01  -5.2398052e-01
  -4.3952366e-01  -4.4548209e-01
  -4.2859862e-01  -6.4105926e-01
  -4.3530178e-01  -4.4431045e-01
  -4.3537067e-01  -6.1654759e-01
  -4.3266828e-01  -6.4458987e-01
  -4.4324702e-01  -5.6436198e-01
  -4.2641815e-01  -5.7989807e-01
  -4.4463843e-01  -5.5426422e-01
  -4.4545400e-01  -6.1051940e-01
  -4.4414617e-01  -4.5352256e-01
  -4.3972380e-01  -5.2173646e-01
  -4.2441599e-01  -6.4327595e-01
  -4.2406016e-01  -4.8778953e-01
  -4.2829215e-01  -4.4651508e-01
  -4.3071711e-01  -5.5519250e-01
  -4.4449900e-01  -5.6273232e-01
  -4.4088309e-01  -6.1473159e-01
  -4.4660111e-01  -5.6207120e-01
  -4.3831349e-01  -4.8040718e-01
  -4.4155695e-01  -4.6493162e-01
  -4.2386407e-01  -4.9579114e-01
  -4.3582938e-01  -6.6525034e-01
  -4.3521880e-01  -6.7274081e-01
  -4.2737671e-01  -4.4406485e-01
  -4.4413234e-01  -5.4518941e-01
  -4.2298468e-01  -5.2416562e-01
  -4.3500057e-01  -6.5864816e-01
  -4.3762630e-01  -6.3750550e-01
  -4.3606394e-01  -6.5102732e-01
  -4.3733367e-01  -4.9622721e-01
  -6.2622913e-01  -4.6008854e-01
  -6.4951221e-01  -5.5256873e-01
  -6.3762916e-01  -4.9026686e-01
  -6.4043929e-01  -6.5430564e-01
  -6.5194795e-01  -6.5472179e-01
  -6.4717156e-01  -7.4910927e-01
  -6.3863218e-01  -6.5638140e-01
  -6.2646796e-01  -7.0164233e-01
  -6.2996485e-01  -8.2935624e-01
  -6.3780639e-01  -9.0823921e-01
  -6.3438096e-01  -1.0256373e+00
  -6.4215541e-01  -9.2954469e-01
  -6.4624354e-01  -1.1303506e+00
  -6.2927998e-01  -1.1320035e+00
  -6.4873830e-01  -1.0028858e+00
  -6.4339636e-01  -1.0971868e+00
  -6.3274527e-01  -1.1063873e+00
  -6.3101207e-01  -1.0650129e+00
  -6.3316703e-01  -1.1064196e+00
  -6.4374800e-01  -1.2469835e+00
  -6.5071175e-01  -1.1495524e+00
  -6.4031859e-01  -1.1533920e+00
  -6.2622800e-01  -1.2050002e+00
  -6.3704832e-01  -1.4054901e+00
  -6.3932386e-01  -1.2739087e+00
  -6.3162924e-01  -1.3372487e+00
  -6.2818518e-01  -1.3379907e+00
  -6.2636514e-01  -1.4214080e+00
  -6.5046742e-01  -1.3910908e+00
  -6.3136636e-01  -1.2911765e+00
  -6.2806319e-01  -1.4108684e+00
  -6.3647044e-01  -1.3042597e+00
  -6.3025351e-01  -1.3417826e+00
  -6.5199710e-01  -1.4502745e+00
  -6.3790663e-01  -1.5152266e+00
  -6.2836968e-01  -1.5283740e+00
  -6.4395172e-01  -1.3468044e+00
  -6.3372667e-01  -1.5168076e+00
  -6.2779670e-01  -1.4038814e+00
  -6.3762709e-01  -1.4988693e+00
  -6.3470610e-01  -1.4462480e+00
  -6.4356190e-01  -1.4834765e+00
  -6.2996998e-01  -1.4072800e+00
  -6.4823531e-01  -1.4232286e+00
  -6.3037635e-01  -1.3755456e+00
  -6.4843666e-01  -1.4718590e+00
  -6.4545143e-01  -1.3810701e+00
  -6.4879330e-01  -1.5240495e+00
  -6.3566483e-01  -1.3963837e+00
  -6.3407654e-01  -1.4917761e+00
  -6.4727925e-01  -1.4629518e+00
  -6.4167736e-01  -1.5084166e+00
  -6.4445244e-01  -1.5435194e+00
  -6.3432284e-01  -1.4853117e+00
  -6.4951346e-01  -1.5093998e+00
  -6.3076730e-01  -1.5331442e+00
  -6.4133208e-01  -1.4414046e+00
  -6.4731137e-01  -1.3787650e+00
  -6.4485891e-01  -1.3694757e+00
  -6.4315513e-01  -1.5852489e+00
  -6.5190996e-01  -1.4326260e+00
  -6.4233078e-01  -1.4781360e+00
  -6.4229047e-01  -1.5141987e+00
  -6.3729812e-01  -1.3790190e+00
  -6.5062388e-01  -1.4160813e+00
  -6.4818050e-01  -1.5490613e+00
  -6.4991957e-01  -1.5967325e+00
  -6.4106384e-01  -1.5790963e+00
  -6.2912659e-01  -1.4124223e+00
   8.8967127e-01  -1.5422912e+00
   8.8910909e-01  -1.5298650e+00
   8.9403496e-01  -1.4639802e+00
   9.0023073e-01  -1.2785557e+00
   8.9027940e-01  -1.0524429e+00
   8.9644680e-01  -8.4253611e-01
   8.9733852e-01  -4.2833710e-01
   8.9232960e-01  -2.3388977e-01
   9.0310546e-01   8.9720863e-02
   8.9841423e-01   2.1233522e-01
   8.9221529e-01   3.4605752e-01
   9.0834506e-01   5.8143062e-01
   9.0241896e-01   9.0182078e-01
   9.1434756e-01   1.0662502e+00
   9.0175975e-01   1.2827976e+00
   9.0981798e-01   1.4490313e+00
   9.0349157e-01   1.5645285e+00
   8.9970509e-01   1.6334050e+00
   9.1301492e-01   1.7304185e+00
   8.9909638e-01   1.8755965e+00
   9.0246309e-01   2.0008980e+00
   8.8962396e-01   2.0768092e+00
   8.9078843e-01   2.1543730e+00
   8.9560268e-01   2.3112859e+00
   9.1297737e-01   2.3394070e+00
   9.1296230e-01   2.3907365e+00
   8.9055727e-01   2.5352856e+00
   9.0101347e-01   2.4968694e+00
   9.0531713e-01   2.5612838e+00
   9.0554803e-01   2.6470887e+00
   9.0833725e-01   2.7670128e+00
   9.1182294e-01   2.8434567e+00
   8.9942196e-01   2.7505121e+00
   9.0749516e-01   2.7087060e+00
   8.9021399e-01   2.8934807e+00
   9.0357921e-01   2.8029124e+00
   8.9607800e-01   2.9434860e+00
   9.0509073e-01   2.8097758e+00
   8.9335679e-01   3.0589947e+00
   9.1055056e-01   3.0233947e+00
   8.9746259e-01   3.0463935e+00
   8.9080356e-01   2.9071135e+00
   9.0524222e-01   2.9938828e+00
   9.0132486e-01   2.9470443e+00
   8.9883690e-01   3.0968282e+00
   8.9993754e-01   3.1518959e+00
   8.9478574e-01   3.0600803e+00
   9.0407165e-01   3.1035835e+00
   8.9789344e-01   3.1092577e+00
   9.1186024e-01   3.0138490e+00
   9.0001291e-01   3.0875258e+00
   9.0178573e-01   3.0223174e+00
   8.9941202e-01   3.1142346e+00
   8.9627097e-01   3.2195868e+00
   8.9389261e-01   3.2062570e+00
   8.9125415e-01   3.1149955e+00
   9.0402737e-01   3.2473332e+00
   9.1006240e-01   3.2367000e+00
   9.0120368e-01   3.3057143e+00
   9.0936829e-01   3.1643160e+00
   8.9280952e-01   3.2990051e+00
   8.9411765e-01   3.2130197e+00
   9.0956391e-01   3.2087333e+00
   9.0248062e-01   3.3048511e+00
   8.9041217e-01   3.2295537e+00
   9.1054344e-01   3.1838638e+00
   8.9547494e-01   3.1654410e+00
   9.0770560e-01   3.3189854e+00
   9.0082211e-01   3.2632510e+00
  -9.4242587e-01   3.2078763e+00
  -9.5810722e-01   3.2078153e+00
  -9.5092818e-01   3.1377512e+00
  -9.3869905e-01   2.9180508e+00
  -9.5495565e-01   2.5408123e+00
  -9.5596725e-01   2.0287608e+00
  -9.4807680e-01   1.7134776e+00
  -9.4405864e-01   1.3779476e+00
  -9.5001520e-01   1.1934712e+00
  -9.4989820e-01   7.1377156e-01
  -9.4338807e-01   3.8587177e-01
  -9.5711810e-01   1.0974357e-01
  -9.4736867e-01  -6.4662588e-02
  -9.5678915e-01  -3.1676116e-01
  -9.3824239e-01  -7.6830230e-01
  -9.4672958e-01  -9.5559805e-01
  -9.4320543e-01  -1.1462727e+00
  -9.5510363e-01  -1.2429675e+00
  -9.3959975e-01  -1.3953979e+00
  -9.4413584e-01  -1.6997523e+00
  -9.4842323e-01  -1.8326451e+00
  -9.4790802e-01  -1.8857317e+00
  -9.5498817e-01  -2.0393050e+00
  -9.5485889e-01  -2.1666071e+00
  -9.5141954e-01  -2.2492616e+00
  -9.4629628e-01  -2.3307328e+00
  -9.3423082e-01  -2.4645848e+00
  -9.5216097e-01  -2.4868155e+00
  -9.4675937e-01  -2.6273620e+00
  -9.5068907e-01  -2.7673630e+00
  -9.4179134e-01  -2.8244588e+00
  -9.3449935e-01  -2.7501572e+00
  -9.4438347e-01  -2.9453470e+00
  -9.4969821e-01  -3.0229146e+00
  -9.4798252e-01  -3.0587145e+00
  -9.5547960e-01  -3.0952181e+00
  -9.3733086e-01  -3.2102967e+00
  -9.4867125e-01  -3.2399305e+00
  -9.4389895e-01  -3.1890231e+00
  -9.5109175e-01  -3.2519681e+00
  -9.4422855e-01  -3.3565599e+00
  -9.4953390e-01  -3.3449301e+00
  -9.4970766e-01  -3.3121474e+00
  -9.4247937e-01  -3.3668388e+00
  -9.4726645e-01  -3.2435608e+00
  -9.5708050e-01  -3.2841181e+00
  -9.5549913e-01  -3.3471546e+00
  -9.3814380e-01  -3.3770609e+00
  -9.5620457e-01  -3.3752255e+00
  -9.5125779e-01  -3.4754328e+00
  -9.4172976e-01  -3.3543801e+00
  -9.5308623e-01  -3.4222823e+00
  -9.4432491e-01  -3.4488312e+00
  -9.3727471e-01  -3.5596691e+00
  -9.3448372e-01  -3.6107096e+00
  -9.5772281e-01  -3.5422708e+00
  -9.4014376e-01  -3.6166380e+00
  -9.4704950e-01  -3.5194513e+00
  -9.5257510e-01  -3.4320426e+00
  -9.5637630e-01  -3.5404078e+00
  -9.5499936e-01  -3.5362252e+00
  -9.3799205e-01  -3.6277819e+00
  -9.5062176e-01  -3.4470684e+00
  -9.4227707e-01  -3.4807697e+00
  -9.5115000e-01  -3.4726025e+00
  -9.3504789e-01  -3.6815002e+00
  -9.5609362e-01  -3.6554095e+00
  -9.4519506e-01  -3.6071364e+00
  -9.3316166e-01  -3.4845987e+00
  -5.9229679e-01  -3.6504096e+00
  -5.8394105e-01  -3.6995973e+00
  -5.9418031e-01  -3.4796480e+00
  -5.9295655e-01  -3.4264611e+00
  -5.8592955e-01  -3.3006944e+00
  -5.8010291e-01  -3.1295874e+00
  -5.8158312e-01  -2.9815035e+00
  -5.8513729e-01  -2.8568926e+00
  -5.7828313e-01  -2.8131699e+00
  -5.8519554e-01  -2.7777218e+00
  -5.8349784e-01  -2.5837802e+00
  -5.8183640e-01  -2.4439327e+00
  -5.9050538e-01  -2.4049460e+00
  -5.9383382e-01  -2.2663138e+00
  -5.8811791e-01  -2.1786676e+00
  -5.9116368e-01  -2.2429826e+00
  -5.9683315e-01  -2.2002311e+00
  -5.9246257e-01  -1.9740687e+00
  -5.9139707e-01  -2.0181623e+00
  -5.9401234e-01  -1.9048914e+00
  -5.7267912e-01  -1.8642662e+00
  -5.7888910e-01  -1.9104106e+00
  -5.7265876e-01  -1.7301751e+00
  -5.9193154e-01  -1.6690798e+00
  -5.9292380e-01  -1.7128242e+00
  -5.8332710e-01  -1.7482679e+00
  -5.9135704e-01  -1.5050104e+00
  -5.9169395e-01  -1.4769433e+00
  -5.9470307e-01  -1.4623439e+00
  -5.9261711e-01  -1.5354713e+00
  -5.7634397e-01  -1.4288577e+00
  -5.8938328e-01  -1.4516663e+00
  -5.7590989e-01  -1.4056892e+00
  -5.7966132e-01  -1.3436341e+00
  -5.9461491e-01  -1.4737432e+00
  -5.7940204e-01  -1.4012813e+00
  -5.9160189e-01  -1.3861873e+00
  -5.8373378e-01  -1.2994854e+00
  -5.7517754e-01  -1.3320045e+00
  -5.9440854e-01  -1.3903233e+00
  -5.7758397e-01  -1.3392746e+00
  -5.9695482e-01  -1.2236025e+00
  -5.9199930e-01  -1.2637310e+00
  -5.8115719e-01  -1.2586446e+00
  -5.8580850e-01  -1.3007883e+00
  -5.7735817e-01  -1.3171908e+00
  -5.7446331e-01  -1.1642877e+00
  -5.7996509e-01  -1.1718565e+00
  -5.7756813e-01  -1.2697641e+00
  -5.9103585e-01  -1.1970504e+00
  -5.9620891e-01  -1.2378157e+00
  -5.7339062e-01  -1.2728166e+00
  -5.8591229e-01  -1.3662951e+00
  -5.8825499e-01  -1.2866671e+00
  -5.9219240e-01  -1.2864011e+00
  -5.8044973e-01  -1.1671189e+00
  -5.8211885e-01  -1.3392096e+00
  -5.8298092e-01  -1.3443124e+00
  -5.9703173e-01  -1.2841959e+00
  -5.9745793e-01  -1.2425784e+00
  -5.9668878e-01  -1.2486126e+00
  -5.7702380e-01  -1.2574193e+00
  -5.9349598e-01  -1.3346381e+00
  -5.7991958e-01  -1.2825844e+00
  -5.8876731e-01  -1.1578510e+00
  -5.8753391e-01  -1.1347976e+00
  -5.8961661e-01  -1.3079158e+00
  -5.8571574e-01  -1.1516010e+00
  -5.9723184e-01  -1.1271686e+00
  -2.4300884e-01  -1.1771879e+00
  -2.4407652e-01  -1.1346015e+00
  -2.5726349e-01  -1.2135175e+00
  -2.4459091e-01  -1.2225025e+00
  -2.5914954e-01  -1.1259066e+00
  -2.5328032e-01  -1.1383559e+00
  -2.4361528e-01  -1.0054468e+00
  -2.5456076e-01  -9.6570840e-01
  -2.6699204e-01  -9.8562525e-01
  -2.6581463e-01  -9.1111202e-01
  -2.6046324e-01  -7.4980550e-01
  -2.5725502e-01  -6.0041136e-01
  -2.5172178e-01  -5.7053149e-01
  -2.4473962e-01  -6.6432049e-01
  -2.6719766e-01  -7.0930954e-01
  -2.6818875e-01  -5.4318785e-01
  -2.5105676e-01  -5.7619675e-01
  -2.5736754e-01  -5.3782867e-01
  -2.4803389e-01  -4.8233109e-01
  -2.5142301e-01  -4.3987154e-01
  -2.6049968e-01  -3.0279339e-01
  -2.5613804e-01  -2.9457928e-01
  -2.5115851e-01  -2.8164606e-01
  -2.5620112e-01  -3.6921139e-01
  -2.5514318e-01  -4.3036571e-01
  -2.6564952e-01  -1.9656605e-01
  -2.5176597e-01  -3.4454428e-01
  -2.4885478e-01  -1.8515844e-01
  -2.6052951e-01  -3.1637368e-01
  -2.5537096e-01  -1.9481355e-01
  -2.5728080e-01  -2.4062779e-01
  -2.4803321e-01  -1.5383640e-01
  -2.5383318e-01  -3.2185075e-01
  -2.4290621e-01  -2.7413227e-01
  -2.4248637e-01  -3.0405674e-01
  -2.5391402e-01  -1.3703715e-01
  -2.6355288e-01  -1.0325377e-01
  -2.5053621e-01  -1.8926045e-01
  -2.5031469e-01  -2.1387371e-01
  -2.6253035e-01  -6.3901582e-02
  -2.6513834e-01  -2.2263052e-01
  -2.5074247e-01  -6.0529278e-02
  -2.6541384e-01  -2.3240797e-01
  -2.5649395e-01  -1.0783115e-01
  -2.4395614e-01  -1.9789697e-01
  -2.5780917e-01  -1.3688930e-01
  -2.5811557e-01  -1.6539996e-01
  -2.6423019e-01  -2.5816113e-01
  -2.6507341e-01  -2.1363583e-01
  -2.4539302e-01  -6.2287584e-02
  -2.5211777e-01  -1.5650384e-01
  -2.5266085e-01  -9.3047782e-02
  -2.5168624e-01  -7.4524298e-02
  -2.4603684e-01  -3.6608936e-02
  -2.6566450e-01  -6.7637029e-02
  -2.5255519e-01  -1.0104998e-01
  -2.4935048e-01  -1.1429307e-01
  -2.6235127e-01  -8.4258947e-02
  -2.4421581e-01  -9.4115783e-02
  -2.6499516e-01  -1.6568255e-01
  -2.4229977e-01  -2.5058062e-01
  -2.4341251e-01  -2.2090912e-01
  -2.5557775e-01  -2.4764034e-01
  -2.4922295e-01  -1.1095837e-01
  -2.5133524e-01  -2.2883714e-01
  -2.4731643e-01  -1.3092471e-01
  -2.4384901e-01  -8.3496096e-02
  -2.6026186e-01  -1.2230184e-01
  -2.6173755e-01  -5.3789841e-02
  -5.6812783e-01  -2.0959974e-01
  -5.5331312e-01  -5.9749085e-02
  -5.5756850e-01  -1.7000840e-01
  -5.5895504e-01  -1.8685215e-01
  -5.5631134e-01  -2.9786837e-01
  -5.6262947e-01  -3.9408266e-01
  -5.6557756e-01  -3.6849564e-01
  -5.6428318e-01  -4.8607505e-01
  -5.7211717e-01  -3.8091172e-01
  -5.6848898e-01  -5.6754049e-01
  -5.6402324e-01  -4.9753180e-01
  -5.6242760e-01  -5.4191526e-01
  -5.7149785e-01  -5.9413448e-01
  -5.7025203e-01  -6.7470437e-01
  -5.5027887e-01  -7.3412557e-01
  -5.5788188e-01  -7.8024805e-01
  -5.6753507e-01  -7.8798134e-01
  -5.5495263e-01  -8.2074388e-01
  -5.6657283e-01  -8.2465356e-01
  -5.7272247e-01  -7.0529667e-01
  -5.5319249e-01  -7.2097963e-01
  -5.7022397e-01  -9.4265730e-01
  -5.4885517e-01  -8.5240109e-01
  -5.7030591e-01  -9.9083239e-01
  -5.6630245e-01  -8.2541116e-01
  -5.6272955e-01  -8.1820043e-01
  -5.5940534e-01  -8.4798900e-01
  -5.5508015e-01  -9.6198600e-01
  -5.6832372e-01  -9.5473916e-01
  -5.5174807e-01  -9.9880169e-01
  -5.4931068e-01  -1.0713772e+00
  -5.5953383e-01  -1.0651400e+00
  -5.7339537e-01  -9.0740021e-01
  -5.6208735e-01  -1.0516967e+00
  -5.5977675e-01  -1.1107773e+00
  -5.6651247e-01  -1.0617965e+00
  -5.5479543e-01  -1.0974325e+00
  -5.5674834e-01  -1.0845026e+00
  -5.6372378e-01  -9.2226948e-01
  -5.5654804e-01  -1.1066421e+00
  -5.6983165e-01  -1.0502223e+00
  -5.5916875e-01  -9.4273298e-01
  -5.5003481e-01  -9.9703035e-01
  -5.6500045e-01  -1.1551601e+00
  -5.5346447e-01  -9.9090803e-01
  -5.4968976e-01  -1.1464934e+00
  -5.7093442e-01  -1.0788253e+00
  -5.5040396e-01  -1.1698596e+00
  -5.7057784e-01  -1.0521341e+00
  -5.7316798e-01  -9.9171148e-01
  -5.5769280e-01  -1.1384104e+00
  -5.6405147e-01  -1.0199503e+00
  -5.5881485e-01  -1.0386636e+00
  -5.5144183e-01  -1.0349970e+00
  -5.6512590e-01  -1.1465487e+00
  -5.5291188e-01  -1.0757517e+00
  -5.7125699e-01  -1.1737559e+00
  -5.5507433e-01  -1.0111483e+00
  -5.6415545e-01  -1.0507065e+00
  -5.6395510e-01  -1.1898313e+00
  -5.7184071e-01  -1.0636296e+00
  -5.4950946e-01  -1.0915552e+00
  -5.5950307e-01  -1.0542236e+00
  -5.6381842e-01  -1.1832710e+00
  -5.7174294e-01  -9.8288381e-01
  -5.6272883e-01  -1.0043875e+00
  -5.5169944e-01  -1.1558532e+00
  -5.6706321e-01  -1.1373224e+00
  -5.7050050e-01  -1.1363379e+00
   5.9223810e-01  -1.0040768e+00
   5.8107577e-01  -1.0973838e+00
   5.7071453e-01  -1.0651786e+00
   5.7819071e-01  -9.2814142e-01
   5.7758148e-01  -9.2407722e-01
   5.8708720e-01  -9.3267882e-01
   5.8130846e-01  -6.8074590e-01
   5.8049768e-01  -6.5630691e-01
   5.8476847e-01  -6.4170978e-01
   5.6921121e-01  -5.0435971e-01
   5.7453786e-01  -5.8564852e-01
   5.7395533e-01  -5.6608115e-01
   5.6782249e-01  -3.0370563e-01
   5.8818120e-01  -2.8596196e-01
   5.6735774e-01  -2.7800135e-01
   5.8126294e-01  -2.8043576e-01
   5.6785328e-01  -1.4498602e-01
   5.9027741e-01  -2.6541121e-01
   5.7089016e-01  -1.6023503e-01
   5.6648564e-01  -1.5865395e-01
   5.7827830e-01  -2.4285984e-02
   5.6695498e-01   7.7211897e-02
   5.8507772e-01  -2.0469842e-02
   5.8189836e-01   1.2781388e-01
   5.8376679e-01   1.3427948e-01
   5.8339783e-01   1.6317800e-01
   5.8436086e-01   9.3380778e-02
   5.7687764e-01   1.9068046e-01
   5.7690269e-01   9.5300041e-02
   5.7222541e-01   6.0539887e-02
   5.6740835e-01   2.3818245e-01
   5.8805057e-01   9.0307392e-02
   5.8012736e-01   2.5806474e-01
   5.7404701e-01   2.0970897e-01
   5.8038700e-01   2.5062978e-01
   5.7353064e-01   1.5304474e-01
   5.7761910e-01   2.9258934e-01
   5.7991363e-01   2.4323600e-01
   5.9027264e-01   2.0084513e-01
   5.7166937e-01   1.2809865e-01
   5.8975608e-01   1.8205613e-01
   5.8080409e-01   1.3381654e-01
   5.7853700e-01   1.4773273e-01
   5.7500214e-01   2.2371873e-01
   5.7415028e-01   2.2344268e-01
   5.8548663e-01   1.9328469e-01
   5.6886885e-01   2.8026215e-01
   5.8902342e-01   1.6402381e-01
   5.9014461e-01   1.8861098e-01
   5.7265587e-01   2.3522985e-01
   5.7162489e-01   1.5957855e-01
   5.7627579e-01   3.5259292e-01
   5.7827618e-01   2.3520218e-01
   5.7530053e-01   2.2505481e-01
   5.7716076e-01   1.6797421e-01
   5.8623481e-01   3.0088907e-01
   5.7111220e-01   3.6962348e-01
   5.8263068e-01   2.5362452e-01
   5.6719601e-01   3.1293401e-01
   5.6708964e-01   3.2478597e-01
   5.8663094e-01   3.5109342e-01
   5.8685250e-01   2.3530933e-01
   5.7363038e-01   2.7814730e-01
   5.7681013e-01   2.7145349e-01
   5.8379336e-01   3.8064895e-01
   5.7387739e-01   3.5695491e-01
   5.6749081e-01   2.3331932e-01
   5.7889507e-01   2.1961560e-01
   5.7035475e-01   3.7803191e-01
  -4.9726231e-01   4.0514794e-01
  -4.8503764e-01   3.6614905e-01
  -4.8105111e-01   3.0512823e-01
  -4.8082229e-01   1.9088972e-01
  -4.8426162e-01   2.6147308e-01
  -4.8947989e-01   4.8358313e-02
  -4.7808636e-01   1.2951332e-01
  -4.8553190e-01  -8.4600206e-02
  -4.9081698e-01  -2.6288869e-02
  -4.9283749e-01  -1.8878265e-01
  -5.0084879e-01  -1.3567939e-01
  -4.8572264e-01  -2.6912090e-01
  -4.8674052e-01  -3.1423465e-01
  -4.8985915e-01  -3.2953514e-01
  -4.9413548e-01  -2.7134873e-01
  -4.7768783e-01  -4.4805977e-01
  -4.8960516e-01  -4.7862610e-01
  -4.8611821e-01  -5.1641805e-01
  -4.7974306e-01  -4.9588524e-01
  -4.9637200e-01  -4.5172559e-01
  -4.8251553e-01  -5.1917604e-01
  -4.7843000e-01  -5.9743796e-01
  -4.9309565e-01  -5.9757462e-01
  -4.9960797e-01  -4.8438640e-01
  -4.9679750e-01  -6.4401857e-01
  -4.8401118e-01  -6.4479328e-01
  -4.8336915e-01  -6.2227593e-01
  -5.0052124e-01  -7.0538585e-01
  -4.7614850e-01  -6.1112481e-01
  -4.9972237e-01  -7.1661022e-01
  -4.9679880e-01  -6.9550543e-01
  -4.8225785e-01  -6.1070691e-01
  -4.8063784e-01  -6.3748497e-01
  -4.8023319e-01  -6.9483497e-01
  -4.9032711e-01  -6.5941646e-01
  -4.8572754e-01  -6.7164788e-01
  -4.7901732e-01  -5.7688670e-01
  -5.0142710e-01  -7.1261076e-01
  -4.8258078e-01  -6.9814013e-01
  -4.9882732e-01  -6.1731805e-01
  -4.8971201e-01  -7.1904262e-01
  -4.9049475e-01  -7.2872198e-01
  -4.7985797e-01  -8.3365601e-01
  -4.9087361e-01  -8.1106913e-01
  -5.0101820e-01  -7.4269231e-01
  -4.7946925e-01  -8.2269725e-01
  -4.7548837e-01  -8.1751859e-01
  -4.8673891e-01  -6.5082726e-01
  -4.7686749e-01  -7.4810464e-01
  -4.8915867e-01  -7.2301963e-01
  -4.7684008e-01  -7.8764658e-01
  -4.8347353e-01  -6.6906571e-01
  -4.8305514e-01  -7.0123151e-01
  -4.9463127e-01  -6.6799767e-01
  -4.8458780e-01  -6.8590017e-01
  -4.7826889e-01  -8.3862612e-01
  -4.9994545e-01  -8.3379722e-01
  -5.0129554e-01  -6.9047129e-01
  -4.8321689e-01  -6.3887462e-01
  -4.8582592e-01  -8.5711466e-01
  -4.9363146e-01  -7.2214394e-01
  -4.9892678e-01  -8.0639077e-01
  -4.9676409e-01  -6.3937157e-01
  -4.8337232e-01  -8.7540754e-01
  -4.7941678e-01  -7.6958771e-01
  -4.9368986e-01  -8.1675208e-01
  -4.7879683e-01  -7.9415232e-01
  -4.7899987e-01  -6.5359977e-01
  -4.8484822e-01  -8.4772671e-01
   6.5603739e-01  -7.4815890e-01
   6.5681822e-01  -8.5984256e-01
   6.4954723e-01  -7.5772195e-01
   6.5942462e-01  -7.6441675e-01
   6.5161609e-01  -6.9764665e-01
   6.3497534e-01  -4.6082281e-01
   6.5492413e-01  -3.8756646e-01
   6.5770303e-01  -3.6921804e-01
   6.5055113e-01  -2.1138140e-01
   6.4595908e-01  -3.5822276e-01
   6.3788615e-01  -6.7537656e-02
   6.4823652e-01  -1.4240857e-02
   6.4557910e-01  -1.0686357e-01
   6.4955739e-01  -7.9048514e-02
   6.5895834e-01  -7.0873035e-02
   6.4289749e-01  -1.6771111e-02
   6.4969298e-01   4.2791835e-02
   6.5218684e-01   1.7529154e-01
   6.4577592e-01   1.7510596e-01
   6.3840997e-01   3.0956666e-01
   6.5587902e-01   2.3815285e-01
   6.4835134e-01   3.8887073e-01
   6.4794455e-01   2.6515183e-01
   6.5328205e-01   3.2142486e-01
   6.4219071e-01   4.6196950e-01
   6.3565739e-01   4.2867340e-01
   6.6033572e-01   3.8654747e-01
   6.4335530e-01   4.1469807e-01
   6.5054355e-01   5.1195210e-01
   6.5429068e-01   5.6379978e-01
   6.4464385e-01   4.9177950e-01
   6.4362909e-01   4.0372653e-01
   6.4641351e-01   5.4769868e-01
   6.5795280e-01   5.2252819e-01
   6.5239549e-01   4.7977435e-01
   6.3518376e-01   4.5424587e-01
   6.5351315e-01   4.8458617e-01
   6.3980917e-01   5.7514630e-01
   6.5615123e-01   6.1822254e-01
   6.5731443e-01   4.6120663e-01
   6.3824231e-01   5.4765805e-01
   6.3827232e-01   6.1628561e-01
   6.3647331e-01   6.4148970e-01
   6.4540482e-01   6.5469737e-01
   6.3653952e-01   4.9237901e-01
   6.5997852e-01   5.2545919e-01
   6.4243096e-01   5.3362270e-01
   6.4035043e-01   5.2788903e-01
   6.4781151e-01   7.0824027e-01
   6.5822999e-01   5.6101964e-01
   6.5988530e-01   5.2472502e-01
   6.4471202e-01   5.3407230e-01
   6.4004682e-01   5.4141125e-01
   6.4487722e-01   5.3166178e-01
   6.3568208e-01   5.4847169e-01
   6.4911507e-01   5.8141334e-01
   6.5088733e-01   6.2089392e-01
   6.3652497e-01   5.4347473e-01
   6.6004199e-01   5.7392965e-01
   6.5040584e-01   6.5766712e-01
   6.5946961e-01   7.0137035e-01
   6.4010864e-01   6.0497488e-01
   6.4256790e-01   6.6200173e-01
   6.3577758e-01   7.1203475e-01
   6.3709735e-01   6.1387295e-01
   6.6050806e-01   5.3991806e-01
   6.4727323e-01   6.4486071e-01
   6.3598944e-01   5.1715901e-01
   6.4882235e-01   6.7464268e-01
  -3.5182641e-01   6.3402506e-01
  -3.6931685e-01   5.4960015e-01
  -3.6927769e-01   5.1082126e-01
  -3.6237835e-01   5.8525219e-01
  -3.5713572e-01   6.3396031e-01
  -3.6385280e-01   5.8823637e-01
  -3.4862255e-01   5.1768642e-01
  -3.5748902e-01   2.7415964e-01
  -3.6139551e-01   3.3910610e-01
  -3.6392528e-01   2.0250522e-01
  -3.5669997e-01   3.4261751e-01
  -3.6798531e-01   1.2792071e-01
  -3.5417483e-01   1.4817437e-01
  -3.7049750e-01   8.2035783e-02
  -3.6737657e-01  -1.9452401e-03
  -3.6229370e-01   1.0480378e-01
  -3.6344447e-01  -7.1830381e-02
  -3.5484392e-01  -5.8992146e-02
  -3.7172586e-01  -1.4450145e-02
  -3.6074636e-01  -1.3688723e-01
  -3.4749831e-01  -2.4981063e-02
  -3.5368598e-01  -7.8159484e-02
  -3.6031945e-01  -1.3640599e-01
  -3.5544139e-01  -2.0693746e-01
  -3.6383525e-01  -8.5729489e-02
  -3.6324020e-01  -1.7681047e-01
  -3.4816060e-01  -6.6917847e-02
  -3.6299929e-01  -2.2373749e-01
  -3.5865100e-01  -2.3413717e-01
  -3.5531140e-01  -1.7225303e-01
  -3.5708564e-01  -1.8436236e-01
  -3.6322291e-01  -2.3994363e-01
  -3.6079968e-01  -3.3529197e-01
  -3.5135658e-01  -2.4414008e-01
  -3.6379620e-01  -2.0171386e-01
  -3.5518403e-01  -2.0474864e-01
  -3.5752312e-01  -1.5790883e-01
  -3.6160581e-01  -3.6672393e-01
  -3.7079247e-01  -1.7239360e-01
  -3.6945443e-01  -3.3521173e-01
  -3.5913696e-01  -3.0402330e-01
  -3.7107629e-01  -1.8502004e-01
  -3.5998626e-01  -2.0572514e-01
  -3.7210280e-01  -1.8029378e-01
  -3.6490175e-01  -2.6397395e-01
  -3.5104727e-01  -3.0496159e-01
  -3.4803009e-01  -1.9997093e-01
  -3.6466186e-01  -4.1073339e-01
  -3.6912792e-01  -4.0412619e-01
  -3.6477394e-01  -2.4011943e-01
  -3.7096581e-01  -2.0350302e-01
  -3.4848050e-01  -3.9460033e-01
  -3.5600073e-01  -2.0859122e-01
  -3.5836388e-01  -3.7163837e-01
  -3.5064568e-01  -3.9429576e-01
  -3.5237866e-01  -3.9940038e-01
  -3.5216434e-01  -3.9779421e-01
  -3.5954457e-01  -3.6267444e-01
  -3.5030114e-01  -2.8710062e-01
  -3.7191309e-01  -4.1672802e-01
  -3.6660897e-01  -3.8608062e-01
  -3.5327724e-01  -3.8275286e-01
  -3.6372432e-01  -2.9677360e-01
  -3.6447773e-01  -4.4132319e-01
  -3.6570073e-01  -3.1605403e-01
  -3.6115928e-01  -3.5794147e-01
  -3.5198321e-01  -2.1553962e-01
  -3.5459082e-01  -3.5356865e-01
  -3.4842410e-01  -3.8663210e-01
   1.7339606e-01  -4.0371241e-01
   1.7474471e-01  -3.2005037e-01
   1.6052951e-01  -2.4216996e-01
   1.7139660e-01  -3.0504866e-01
   1.6344474e-01  -1.9105363e-01
   1.7250987e-01  -2.9419220e-01
   1.8584123e-01  -2.3667072e-01
   1.6373685e-01  -2.0656121e-01
   1.6411588e-01  -2.8738263e-01
   1.6886716e-01  -2.1268995e-01
   1.8000898e-01  -3.3548261e-01
   1.7563779e-01  -2.0595804e-01
   1.7651896e-01  -3.2790360e-01
   1.7431822e-01  -1.9476312e-01
   1.6733639e-01  -8.4529877e-02
   1.8508446e-01  -1.2476274e-01
   1.7734628e-01  -3.0086691e-01
   1.6449627e-01  -2.3974871e-01
   1.7942675e-01  -2.7158545e-01
   1.7335535e-01  -2.4138461e-01
   1.7456130e-01  -2.2650863e-01
   1.8326523e-01  -2.4599735e-01
   1.6164330e-01  -1.2619021e-01
   1.7265298e-01  -2.5286112e-01
   1.6911774e-01  -1.0302315e-01
   1.7382314e-01  -4.3352387e-02
   1.6268548e-01  -5.5357474e-02
   1.6748397e-01  -1.3044110e-01
   1.6127760e-01  -7.8888669e-02
   1.7173199e-01  -5.7969583e-02
   1.8537744e-01  -4.1584211e-02
   1.6105946e-01  -8.3151491e-02
   1.6659735e-01  -4.2163428e-02
   1.7306981e-01  -1.1629219e-01
   1.7185065e-01  -1.0418431e-01
   1.8569192e-01  -1.8803147e-01
   1.7546074e-01  -2.1428428e-01
   1.8184022e-01  -2.2735324e-01
   1.8349433e-01  -1.9545429e-01
   1.8441130e-01  -4.3277269e-02
   1.7133225e-01  -1.8324094e-01
   1.7750269e-01  -7.1608650e-02
   1.6861847e-01  -1.4766842e-01
   1.8344461e-01   4.7879578e-03
   1.7439313e-01  -1.2405549e-01
   1.8496395e-01  -1.6447142e-01
   1.7411018e-01   2.1231954e-03
   1.6066802e-01  -2.2217753e-01
   1.6796518e-01  -1.2201738e-01
   1.8048724e-01  -1.0469244e-01
   1.6602829e-01  -1.9329772e-01
   1.7612948e-01  -1.3215878e-02
   1.6473032e-01  -5.4998221e-02
   1.8358661e-01  -1.8798595e-01
   1.7022670e-01  -2.1135533e-01
   1.6593781e-01  -1.5406492e-01
   1.8466993e-01  -3.5571812e-02
   1.8187796e-01  -2.0176684e-01
   1.6968549e-01  -5.8725715e-02
   1.6143819e-01  -9.9540880e-02
   1.8613981e-01  -2.1667650e-01
   1.6783028e-01  -2.0678340e-01
   1.8522080e-01  -7.3063958e-02
   1.6661507e-01  -9.3436013e-03
   1.7343594e-01  -1.8335401e-01
   1.8276457e-01  -1.9341566e-01
   1.7483985e-01  -1.0605037e-01
   1.6640740e-01  -8.1154141e-02
   1.8208076e-01  -1.1697596e-01
   7.8381799e-01  -2.1915056e-01
   7.8170435e-01  -1.4309616e-02
   7.7911211e-01  -3.8257404e-02
   7.8942923e-01  -4.3770516e-02
   7.9937302e-01   1.4041757e-01
   7.8612744e-01   1.4420643e-01
   7.8516527e-01   3.9682749e-01
   7.8927564e-01   3.4578325e-01
   7.9073931e-01   4.0454674e-01
   7.8591357e-01   6.1362713e-01
   7.8147521e-01   6.9721485e-01
   7.9058661e-01   7.3499517e-01
   7.9604582e-01   8.3911404e-01
   7.7604375e-01   9.6792301e-01
   7.9700043e-01   1.0495371e+00
   7.9525242e-01   1.1479656e+00
   7.9220252e-01   1.0414565e+00
   8.0058235e-01   1.1249660e+00
   7.8287601e-01   1.1624338e+00
   7.9066909e-01   1.3355514e+00
   7.7906686e-01   1.1740881e+00
   7.8729679e-01   1.2240813e+00
   7.7925092e-01   1.2652274e+00
   8.0096222e-01   1.4033455e+00
   7.8462098e-01   1.5049986e+00
   7.9224576e-01   1.4506881e+00
   7.9815918e-01   1.4518654e+00
   7.9948532e-01   1.3814943e+00
   7.7973133e-01   1.5196345e+00
   7.7974741e-01   1.5750418e+00
   7.9513161e-01   1.4466439e+00
   7.9307878e-01   1.4688737e+00
   7.8829378e-01   1.5213378e+00
   7.9437079e-01   1.6620783e+00
   7.7581813e-01   1.6289462e+00
   7.8292831e-01   1.6404664e+00
   7.9661374e-01   1.6554363e+00
   7.7950040e-01   1.5914411e+00
   7.7988709e-01   1.6047264e+00
   7.8437045e-01   1.6003441e+00
   7.8358629e-01   1.6233943e+00
   7.9277560e-01   1.6597632e+00
   7.7741427e-01   1.6954992e+00
   7.9252117e-01   1.7080775e+00
   7.8180186e-01   1.7479672e+00
   7.7927881e-01   1.6564432e+00
   7.8904943e-01   1.6081326e+00
   7.8603099e-01   1.7628387e+00
   7.8365802e-01   1.6413181e+00
   7.8836320e-01   1.7955108e+00
   7.8177498e-01   1.6524721e+00
   8.0067563e-01   1.7807547e+00
   7.9436259e-01   1.6504781e+00
   7.7837496e-01   1.6479473e+00
   7.8159002e-01   1.7186141e+00
   7.9052189e-01   1.6366285e+00
   7.8562191e-01   1.7805414e+00
   7.7752990e-01   1.8344698e+00
   7.8354067e-01   1.7859354e+00
   7.8216652e-01   1.7501628e+00
   7.9355671e-01   1.8402004e+00
   7.7934722e-01   1.7349860e+00
   7.8511185e-01   1.6598434e+00
   7.8070764e-01   1.7775760e+00
   7.9191573e-01   1.8343548e+00
   7.7892118e-01   1.8062757e+00
   7.9064008e-01   1.7687949e+00
   7.8466959e-01   1.7534222e+00
   7.9260149e-01   1.6695996e+00
   6.0819667e-01   1.7187314e+00
   6.2092333e-01   1.8283600e+00
   6.1131827e-01   1.6839966e+00
   6.1357927e-01   1.5908262e+00
   6.1442226e-01   1.7229449e+00
   6.2265653e-01   1.6468929e+00
   6.2093972e-01   1.5570135e+00
   6.1025329e-01   1.3622364e+00
   6.0941219e-01   1.3665141e+00
   6.0951247e-01   1.2352329e+00
   6.2185161e-01   1.2047760e+00
   6.1691795e-01   1.0764497e+00
   6.1638292e-01   1.2315459e+00
   6.1848550e-01   1.0092644e+00
   6.1698750e-01   1.1492384e+00
   6.2468614e-01   8.7522293e-01
   6.1349749e-01   1.0604778e+00
   6.1432713e-01   8.8104929e-01
   6.0380264e-01   8.5262945e-01
   6.0936744e-01   8.6633214e-01
   6.0360072e-01   8.7910661e-01
   6.1526664e-01   8.1857362e-01
   6.1632570e-01   8.0996679e-01
   6.1087870e-01   8.1241077e-01
   6.0548992e-01   7.9173779e-01
   6.1612218e-01   6.3201532e-01
   6.2649188e-01   5.9988172e-01
   6.2344855e-01   7.1037777e-01
   6.0383165e-01   5.4279417e-01
   6.1462066e-01   6.0890903e-01
   6.2090722e-01   7.1200484e-01
   6.2574574e-01   6.1952039e-01
   6.0623336e-01   5.5338567e-01
   6.1979960e-01   4.9907457e-01
   6.0463387e-01   5.7036353e-01
   6.1144574e-01   6.7361673e-01
   6.1966510e-01   6.6365899e-01
   6.0712814e-01   4.4193651e-01
   6.0447280e-01   5.6080322e-01
   6.1869696e-01   5.1289037e-01
   6.2281536e-01   6.2340612e-01
   6.0969135e-01   6.2711119e-01
   6.1124279e-01   5.8233224e-01
   6.0291297e-01   6.1577810e-01
   6.1571415e-01   6.2812240e-01
   6.1095312e-01   6.2640278e-01
   6.0446110e-01   5.0832092e-01
   6.1340177e-01   4.7102749e-01
   6.0532938e-01   4.8374224e-01
   6.0440622e-01   5.6123157e-01
   6.0645036e-01   5.4382947e-01
   6.1581398e-01   3.7760618e-01
   6.1395577e-01   5.7383279e-01
   6.0937036e-01   4.8411180e-01
   6.0393522e-01   4.9607833e-01
   6.2280570e-01   6.0464188e-01
   6.0755061e-01   4.3229837e-01
   6.1971876e-01   5.7594233e-01
   6.0462280e-01   4.7264429e-01
   6.0773870e-01   5.0299043e-01
   6.2528194e-01   5.2825640e-01
   6.2183058e-01   4.4521052e-01
   6.2579325e-01   5.7752134e-01
   6.1917831e-01   5.2030187e-01
   6.2516685e-01   4.4833545e-01
   6.1966770e-01   5.2555143e-01
   6.0759201e-01   5.2540459e-01
   6.0945055e-01   4.3859510e-01
   6.1999170e-01   3.5770180e-01
   1.6843566e-01   4.3248840e-01
   1.6464529e-01   4.5742398e-01
   1.5030604e-01   4.2362906e-01
   1.5546737e-01   3.5035471e-01
   1.6119786e-01   3.9867353e-01
   1.6635020e-01   2.7603593e-01
   1.5466723e-01   4.1185131e-01
   1.5942055e-01   3.9725302e-01
   1.5705330e-01   2.2378740e-01
   1.6251742e-01   2.6579977e-01
   1.5055526e-01   2.1757560e-01
   1.5875354e-01   1.9772227e-01
   1.5792277e-01   2.8884029e-01
   1.5758223e-01   1.6900348e-01
   1.6101011e-01   2.3893648e-01
   1.7013434e-01   8.8683391e-02
   1.6203810e-01   5.2897471e-02
   1.4667072e-01   1.1842831e-01
   1.5967740e-01   3.7680049e-02
   1.6670953e-01   1.2761170e-02
   1.6467507e-01  -8.8570739e-03
   1.6178750e-01   1.4540450e-01
   1.5808770e-01  -2.4211284e-02
   1.6883021e-01  -4.8692427e-02
   1.5190660e-01  -8.0177536e-02
   1.6613637e-01   3.2666654e-02
   1.5311715e-01   4.4400312e-02
   1.4752014e-01   9.1993672e-02
   1.4689862e-01   6.3473444e-02
   1.6648907e-01  -9.4277121e-02
   1.7076571e-01  -7.8523426e-02
   1.6952686e-01  -4.3030252e-02
   1.5214497e-01  -7.9677700e-02
   1.6528098e-01  -1.4121894e-02
   1.6166702e-01  -4.0661339e-02
   1.4986728e-01  -1.2543986e-01
   1.5521666e-01  -1.4705828e-01
   1.5783935e-01  -3.7209553e-02
   1.6918418e-01   1.7698458e-02
   1.5511052e-01  -1.2643913e-01
   1.5339405e-01  -1.7566016e-01
   1.6296799e-01  -6.1086952e-02
   1.6335121e-01  -1.7430131e-01
   1.6991269e-01   5.8081742e-03
   1.5083548e-01  -1.1238021e-01
   1.5433978e-01  -8.8165548e-02
   1.6322252e-01  -1.5128584e-01
   1.5399836e-01  -8.9386876e-02
   1.5928892e-01  -9.4552642e-02
   1.5466545e-01  -3.8522982e-02
   1.6288482e-01  -1.6222703e-01
   1.6235705e-01  -1.6533084e-01
   1.6479318e-01  -9.2280006e-02
   1.5984372e-01  -8.3640620e-02
   1.5350688e-01  -9.7417027e-02
   1.6456699e-01  -1.5768597e-01
   1.6138658e-01  -2.2684396e-02
   1.6321047e-01  -1.8284201e-01
   1.4763826e-01   2.2148761e-02
   1.4534208e-01   9.8908151e-04
   1.4677453e-01  -6.9479161e-02
   1.6561572e-01  -1.2451036e-01
   1.6006174e-01  -4.2054759e-02
   1.6949153e-01   2.2059844e-02
   1.5855322e-01  -3.3752188e-02
   1.5487263e-01   2.8830450e-02
   1.6608387e-01  -6.1872299e-02
   1.5421752e-01  -3.0534325e-02
   1.5101229e-01  -6.0451443e-02
   5.9383799e-01  -5.5572052e-02
   5.9441555e-01  -1.8731915e-01
   6.0730821e-01  -7.9691728e-03
   5.8796862e-01  -1.6046639e-01
   5.9355946e-01  -1.0861689e-01
   5.9833880e-01  -9.2979042e-02
   5.8820903e-01   2.2569578e-02
   5.8918499e-01  -6.7167593e-02
   6.1171753e-01  -3.7706538e-02
   5.9270717e-01   1.3123124e-01
   5.9144174e-01   1.7049020e-01
   5.9726999e-01   1.1144579e-01
   5.9021852e-01   2.1632572e-01
   5.9254587e-01   9.9009063e-02
   5.8917966e-01   3.0364997e-01
   6.0646263e-01   1.8603185e-01
   6.0641522e-01   2.8643830e-01
   6.0699782e-01   2.3004118e-01
   6.1081350e-01   1.8015701e-01
   5.8830904e-01   3.6888394e-01
   5.9116102e-01   3.7876903e-01
   6.0907652e-01   3.1067782e-01
   5.8714990e-01   2.2652585e-01
   5.9803450e-01   2.7995361e-01
   6.0697123e-01   3.8676201e-01
   5.8775825e-01   2.3507177e-01
   5.9650047e-01   2.6944971e-01
   5.9705167e-01   3.3713268e-01
   5.8998667e-01   2.3666492e-01
   6.1161476e-01   2.4070877e-01
   5.9816531e-01   4.4131360e-01
   6.1122785e-01   3.2366638e-01
   6.0731522e-01   2.2487998e-01
   5.9300866e-01   3.4510270e-01
   6.0577169e-01   3.3752386e-01
   6.1113677e-01   4.2588963e-01
   6.0977753e-01   4.5587838e-01
   5.9919408e-01   4.2594904e-01
   5.9559630e-01   4.0133653e-01
   6.0288597e-01   4.6698390e-01
   5.9264477e-01   3.6173039e-01
   5.8849269e-01   4.5448664e-01
   6.0936908e-01   3.9222028e-01
   6.0709098e-01   2.6247898e-01
   6.0319373e-01   3.7839390e-01
   6.1111095e-01   3.8033570e-01
   5.8929013e-01   3.6942331e-01
   6.1028930e-01   2.6364580e-01
   6.0854469e-01   4.1010960e-01
   5.8849129e-01   4.3044580e-01
   5.8911317e-01   4.6760738e-01
   5.9253087e-01   3.5930211e-01
   5.9942831e-01   3.7778634e-01
   5.9579188e-01   3.9126699e-01
   6.1122362e-01   3.4911950e-01
   5.8732237e-01   4.4446738e-01
   5.9842323e-01   4.0752022e-01
   5.9771672e-01   3.5885333e-01
   5.9662439e-01   4.4961931e-01
   6.0867820e-01   2.7349835e-01
   6.0778886e-01   3.2751765e-01
   6.0635722e-01   4.9448634e-01
   5.9141252e-01   3.4685955e-01
   6.1229152e-01   4.4471491e-01
   5.9545135e-01   3.8430392e-01
   6.0659069e-01   3.6774883e-01
   5.9820750e-01   3.6309563e-01
   6.0819680e-01   3.0996474e-01
   5.9042427e-01   4.0625353e-01
   4.5679166e-01   2.9846612e-01
   4.4212308e-01   4.7574849e-01
   4.4937322e-01   3.3399849e-01
   4.5444814e-01   4.5351233e-01
   4.6515030e-01   2.6690045e-01
   4.6503658e-01   4.3959411e-01
   4.4110520e-01   2.5151897e-01
   4.6242354e-01   3.5521403e-01
   4.6123827e-01   2.6214732e-01
   4.4800952e-01   2.2398373e-01
   4.5602849e-01   1.5151859e-01
   4.4430826e-01   2.0849442e-01
   4.6495520e-01   7.1791697e-02
   4.4628182e-01   1.7319392e-01
   4.4462303e-01   1.6921397e-01
   4.4951034e-01   1.6762022e-01
   4.4950605e-01   1.8347355e-01
   4.6398520e-01   8.7338008e-02
   4.5534752e-01   5.3788337e-02
   4.6142445e-01   7.1440136e-02
   4.5090261e-01   9.3923397e-02
   4.4324899e-01  -3.4407790e-02
   4.6035809e-01   2.9511184e-02
   4.6309138e-01  -5.3812531e-02
   4.6549179e-01   3.8576154e-02
   4.5467287e-01   1.2851757e-01
   4.6189473e-01  -7.8995070e-02
   4.4774345e-01   9.2903612e-02
   4.4435918e-01   8.6967309e-02
   4.6101831e-01   1.2149040e-01
   4.5689124e-01   7.9643152e-02
   4.4925847e-01  -4.4851690e-02
   4.4161178e-01  -9.0672182e-02
   4.5308240e-01   6.2234545e-02
   4.6609810e-01  -1.3012760e-01
   4.5447424e-01   9.9301198e-02
   4.4107840e-01   9.9448156e-02
   4.5727701e-01  -6.5388067e-02
   4.6475081e-01   1.4677053e-02
   4.6153472e-01  -4.8563642e-02
   4.5408024e-01  -1.3071450e-01
   4.5804901e-01  -2.6933929e-02
   4.4525035e-01  -1.1865557e-01
   4.6040693e-01  -9.9162829e-02
   4.5333721e-01   7.4280641e-02
   4.4757119e-01  -1.1070449e-01
   4.4983723e-01   1.2980354e-02
   4.4779694e-01  -9.6630859e-02
   4.5924220e-01  -3.0150129e-02
   4.6536761e-01  -1.3710176e-01
   4.5278143e-01   7.2492083e-02
   4.6087672e-01   1.9921640e-03
   4.5797387e-01  -4.9348904e-02
   4.4368856e-01  -1.2360601e-01
   4.4951911e-01  -4.0244978e-02
   4.4248916e-01  -9.9471483e-02
   4.5952839e-01   7.0318508e-02
   4.4423346e-01  -1.5841229e-01
   4.4826339e-01  -1.5908710e-01
   4.5417976e-01  -1.3544393e-01
   4.6225176e-01  -1.4473189e-01
   4.4435508e-01  -5.9019401e-02
   4.4917876e-01   4.6575695e-02
   4.5130766e-01   1.7519246e-03
   4.4712215e-01  -2.2295763e-02
   4.5814127e-01  -6.0462335e-02
   4.6112859e-01  -6.8724282e-02
   4.5036458e-01  -3.6153731e-02
   4.5919538e-01  -1.4254820e-01
   9.1440552e-01  -1.4096640e-01
   9.2071420e-01  -1.7951711e-02
   9.1932348e-01   6.4145680e-03
   9.1212342e-01   7.9357165e-02
   9.3012805e-01   3.9100222e-01
   9.1593968e-01   5.5170511e-01
   9.3048286e-01   6.0809914e-01
   9.1593656e-01   9.0604485e-01
   9.1563301e-01   1.1384698e+00
   9.3048372e-01   1.2163177e+00
   9.1864276e-01   1.5058089e+00
   9.2984224e-01   1.5746737e+00
   9.1839194e-01   1.6420914e+00
   9.3624789e-01   1.9794637e+00
   9.1202713e-01   1.9521703e+00
   9.1889801e-01   2.2306853e+00
   9.1169372e-01   2.3452954e+00
   9.1252548e-01   2.2682829e+00
   9.1949401e-01   2.5040951e+00
   9.3523159e-01   2.4579330e+00
   9.2745218e-01   2.6783019e+00
   9.2442248e-01   2.7013217e+00
   9.3497658e-01   2.8035094e+00
   9.2911492e-01   2.9006758e+00
   9.3153126e-01   2.9193920e+00
   9.1183847e-01   2.9725670e+00
   9.1836253e-01   2.9182063e+00
   9.3372257e-01   2.9731361e+00
   9.3456850e-01   3.2061984e+00
   9.1666146e-01   3.1139334e+00
   9.3088373e-01   3.0856400e+00
   9.1369235e-01   3.1376127e+00
   9.3052653e-01   3.3117109e+00
   9.1819270e-01   3.1467221e+00
   9.2500314e-01   3.3557553e+00
   9.3262663e-01   3.2912752e+00
   9.1642714e-01   3.2203152e+00
   9.1877665e-01   3.3765654e+00
   9.2952958e-01   3.4439576e+00
   9.2061577e-01   3.2879010e+00
   9.1201089e-01   3.3051647e+00
   9.2095830e-01   3.4305158e+00
   9.1218095e-01   3.4698318e+00
   9.2141760e-01   3.4519316e+00
   9.1524656e-01   3.3800533e+00
   9.3528811e-01   3.5683246e+00
   9.2713703e-01   3.3641124e+00
   9.1413818e-01   3.5550886e+00
   9.1397157e-01   3.5345606e+00
   9.2366703e-01   3.4566714e+00
   9.1253330e-01   3.4205399e+00
   9.2876778e-01   3.4592712e+00
   9.2682744e-01   3.6352958e+00
   9.1167375e-01   3.4520317e+00
   9.1674900e-01   3.5700545e+00
   9.2948127e-01   3.5901632e+00
   9.1335896e-01   3.4475041e+00
   4.7661587e-01   3.5667118e+00
