  -9.6645967e-03  -9.4233699e-02
   1.1029821e-02   1.0060721e-02
   8.9604112e-03  -1.2407972e-02
   6.2461411e-03   5.6035756e-02
   6.8490753e-03   3.9430311e-02
  -8.4805941e-03   3.1361806e-02
  -3.4442037e-03   6.9397647e-02
   1.2813546e-02  -6.1875011e-02
  -4.1665858e-03  -3.4582499e-02
   5.0117482e-03   5.0142809e-02
   2.9359507e-01  -1.3817735e-02
   2.9646697e-01   1.0397923e-01
   3.0127616e-01  -8.0473045e-02
   3.0167009e-01  -7.5827108e-02
   2.8326633e-01   1.0296838e-01
   2.9943905e-01  -1.2474742e-01
   2.8441029e-01  -1.2720504e-01
   2.9767914e-01  -6.9788091e-03
   3.0304472e-01  -1.4783172e-01
   2.8770679e-01   5.1582122e-02
   2.8335643e-01  -1.3501923e-01
   3.0600407e-01  -6.3597043e-03
   2.9852392e-01  -6.3347516e-02
   2.8726577e-01  -1.5177349e-01
   2.9476149e-01  -1.7479077e-01
   2.9106338e-01  -1.8750917e-01
   3.0087835e-01  -1.3010884e-01
   2.8435996e-01  -2.2079498e-01
   3.0609705e-01  -2.6862595e-02
   2.8418303e-01  -6.8016695e-02
   2.8820824e-01  -9.4431716e-02
   2.8176616e-01  -8.1821943e-02
   3.0123916e-01  -2.5301885e-02
   2.8860637e-01  -2.1504979e-01
   2.9782454e-01  -1.9190270e-01
   2.9649295e-01  -1.6867340e-01
   2.9225003e-01  -2.2751133e-01
   3.0544577e-01  -6.7587271e-02
   3.0007339e-01  -5.9181579e-02
   2.9187849e-01  -1.5321291e-01
   2.9964207e-01  -8.9122377e-02
   2.9165777e-01  -5.1309407e-02
   2.9746479e-01  -2.2730690e-02
   2.9044893e-01  -2.2323871e-01
   2.9311076e-01  -1.3810781e-01
   3.0339962e-01  -7.5127410e-02
   2.9368906e-01  -4.2105190e-02
   2.8351955e-01  -8.4637105e-02
   2.9812181e-01  -2.1421543e-01
   2.9576723e-01  -9.4642747e-02
   2.9419258e-01  -2.4270181e-01
   2.9410146e-01  -2.6565244e-01
   2.8746434e-01  -1.2177186e-01
   2.9847492e-01  -2.5931074e-01
   2.9047869e-01  -1.7068718e-01
   2.8859371e-01  -4.9950268e-02
   2.9518365e-01  -1.7987084e-01
   3.0241968e-01  -2.2118093e-01
   2.8307291e-01  -2.5329568e-01
   2.9349440e-01  -1.0977465e-01
   2.8814341e-01  -1.1178670e-01
   2.9554481e-01  -2.2869886e-01
   3.0588096e-01  -1.1577805e-01
   2.9283671e-01  -8.1392455e-02
   2.9882570e-01  -2.4671704e-01
   3.0458592e-01  -1.8683292e-01
   2.9962351e-01  -1.6028377e-01
   3.0649397e-01  -5.8180374e-02
   2.8884613e-01  -2.4311500e-01
   2.8928115e-01  -8.7662766e-02
   3.0051696e-01  -1.1896283e-01
   2.9298648e-01  -4.3112088e-02
   2.9416096e-01  -2.6284076e-01
   2.8552283e-01  -2.7126079e-01
   2.8593557e-01  -8.5190335e-02
   2.8727158e-01  -9.2721513e-02
   2.9892174e-01  -2.6352837e-01
   2.8531391e-01  -2.2756742e-01
   2.9327844e-01  -8.2922245e-02
   6.1831204e-01  -4.1190987e-02
   6.3141544e-01  -2.1983077e-01
   6.2829644e-01  -2.9536625e-02
   6.3200018e-01  -9.0461450e-02
   6.2417841e-01  -1.4148972e-01
   6.3055268e-01  -8.2757429e-02
   6.3012798e-01   2.2452772e-02
   6.2163314e-01   1.2667851e-01
   6.2341092e-01   2.1389908e-02
   6.1965188e-01   1.5060613e-01
   6.2069580e-01   6.1504205e-02
   6.3342284e-01   2.0880906e-01
   6.2997048e-01   2.4222859e-01
   6.1774625e-01   1.1401156e-01
   6.2459740e-01   1.3220801e-01
   6.3018583e-01   2.0097164e-01
   6.2146250e-01   3.8017058e-01
   6.3089430e-01   1.8974397e-01
   6.3898260e-01   2.3434847e-01
   6.3283238e-01   4.0344395e-01
   6.2570987e-01   2.3033189e-01
   6.3353919e-01   3.1794190e-01
   6.3160354e-01   3.1030091e-01
   6.3884619e-01   4.1840631e-01
   6.1923870e-01   3.1763661e-01
   6.3518863e-01   3.2891257e-01
   6.3898859e-01   3.7336402e-01
   6.2184664e-01   4.6837683e-01
   6.3199812e-01   4.6607660e-01
   6.2730731e-01   4.2364380e-01
   6.2969187e-01   3.4961258e-01
   6.1988752e-01   3.3627694e-01
   6.2179026e-01   4.0845633e-01
   6.1737906e-01   3.9896716e-01
   6.2444715e-01   4.2045894e-01
   6.2551557e-01   5.1385100e-01
   6.3880966e-01   4.4439057e-01
   6.3129571e-01   5.8550725e-01
   6.3538568e-01   5.1775071e-01
   6.3684865e-01   3.7937354e-01
   6.3966441e-01   5.8070400e-01
   6.2311265e-01   4.3162634e-01
   6.1722943e-01   4.1359134e-01
   6.3034287e-01   4.5667657e-01
   6.1434878e-01   3.9962043e-01
   6.3842272e-01   5.8004271e-01
   6.3202864e-01   4.2391940e-01
   6.3364309e-01   5.1456305e-01
   6.2346264e-01   5.7290479e-01
   6.2697799e-01   6.0199247e-01
   6.2288747e-01   5.1528960e-01
   6.2813453e-01   5.9315854e-01
   6.3054827e-01   4.8972372e-01
   6.3161029e-01   5.3477773e-01
   6.2779153e-01   5.9097213e-01
   6.3315166e-01   4.3073075e-01
   6.2531813e-01   4.5703026e-01
   6.3443769e-01   5.2054620e-01
   6.2032375e-01   6.1879341e-01
   6.3657511e-01   4.6814722e-01
   6.2086250e-01   4.9556292e-01
   6.2964306e-01   4.9237307e-01
   6.3626360e-01   5.7150797e-01
   6.2295597e-01   5.7999890e-01
   6.1604529e-01   4.8176791e-01
   6.1810710e-01   4.9369314e-01
   6.3547942e-01   6.3349982e-01
   6.2153767e-01   4.5411906e-01
   6.3225054e-01   6.1351289e-01
  -7.2441191e-01   4.6277097e-01
  -7.4243392e-01   6.1102456e-01
  -7.4739274e-01   4.1284596e-01
  -7.4473292e-01   4.7544793e-01
  -7.3944765e-01   2.1111060e-01
  -7.3038804e-01   1.2044179e-01
  -7.3491731e-01   5.8116690e-02
  -7.4357237e-01  -2.1607307e-01
  -7.3874352e-01  -2.7763941e-01
  -7.3138702e-01  -5.2454705e-01
  -7.2751271e-01  -6.5147484e-01
  -7.3009990e-01  -5.7779492e-01
  -7.4718000e-01  -6.4538300e-01
  -7.4848161e-01  -8.6313675e-01
  -7.4179290e-01  -1.0564021e+00
  -7.3877703e-01  -1.0046910e+00
  -7.4502262e-01  -1.0739885e+00
  -7.3968672e-01  -1.0912507e+00
  -7.3362298e-01  -1.1868272e+00
  -7.3764149e-01  -1.2575352e+00
  -7.4754370e-01  -1.2766128e+00
  -7.3876035e-01  -1.5548741e+00
  -7.3582476e-01  -1.6086384e+00
  -7.3484252e-01  -1.5035748e+00
  -7.3479977e-01  -1.6393856e+00
  -7.3524326e-01  -1.6611423e+00
  -7.3969343e-01  -1.7081870e+00
  -7.2622486e-01  -1.6375294e+00
  -7.3528793e-01  -1.8137789e+00
  -7.4570712e-01  -1.7075874e+00
  -7.4435718e-01  -1.7056607e+00
  -7.2435781e-01  -1.7331390e+00
  -7.4872029e-01  -1.8319670e+00
  -7.2704761e-01  -1.8993268e+00
  -7.4024700e-01  -1.9283024e+00
  -7.3319644e-01  -1.8614815e+00
  -7.2943148e-01  -1.8743267e+00
  -7.2565630e-01  -1.8805847e+00
  -7.4816554e-01  -2.0464001e+00
  -7.3910376e-01  -1.8407685e+00
  -7.3672927e-01  -1.8406613e+00
  -7.2353500e-01  -1.9888950e+00
  -7.3901980e-01  -2.0786213e+00
  -7.2854925e-01  -2.0175635e+00
  -7.2650010e-01  -1.9723597e+00
  -7.3888790e-01  -2.0959381e+00
  -7.3702413e-01  -1.8942736e+00
  -7.4660410e-01  -2.0147709e+00
  -7.3972647e-01  -1.9785920e+00
  -7.4735422e-01  -2.0663955e+00
  -7.2856620e-01  -2.0692274e+00
  -7.4794323e-01  -2.1053839e+00
  -7.3989645e-01  -1.9969009e+00
  -7.3624604e-01  -2.0851809e+00
  -7.2496522e-01  -2.0747010e+00
  -7.2633441e-01  -2.1169173e+00
  -7.4253054e-01  -2.0596994e+00
  -7.3391666e-01  -2.1260787e+00
  -7.4589057e-01  -2.1628617e+00
  -7.3348978e-01  -2.1470901e+00
  -7.2668066e-01  -2.0032151e+00
  -7.3747410e-01  -2.0385101e+00
  -7.3308358e-01  -1.9655403e+00
  -7.3057942e-01  -2.1423658e+00
  -7.3546844e-01  -2.1430286e+00
  -7.3810822e-01  -1.9750441e+00
  -7.2893319e-01  -2.0324725e+00
  -7.3675266e-01  -2.1507002e+00
  -7.3989145e-01  -2.0757272e+00
   8.4465901e-01  -2.1003336e+00
   8.4450050e-01  -2.0623457e+00
   8.5912506e-01  -1.9638243e+00
   8.4239075e-01  -1.7485449e+00
   8.5082383e-01  -1.6831371e+00
   8.3678955e-01  -1.3415286e+00
   8.3935085e-01  -1.0644045e+00
   8.4271316e-01  -8.9360644e-01
   8.5023767e-01  -5.9942096e-01
   8.4200177e-01  -4.0179798e-01
   8.3849391e-01  -2.3373179e-01
   8.4565863e-01  -7.6694932e-02
   8.3668686e-01   1.0764893e-01
   8.4304026e-01   4.1510987e-01
   8.5956070e-01   4.3672149e-01
   8.3834658e-01   7.2444601e-01
   8.5397268e-01   7.8438501e-01
   8.4171829e-01   1.0104459e+00
   8.5326691e-01   1.0313319e+00
   8.4535623e-01   1.2399781e+00
   8.4938872e-01   1.3146931e+00
   8.4708026e-01   1.2725513e+00
   8.4035389e-01   1.5163642e+00
   8.4272069e-01   1.4696734e+00
   8.4756436e-01   1.5545417e+00
   8.5173068e-01   1.5972944e+00
   8.4842821e-01   1.7336613e+00
   8.5413583e-01   1.7884479e+00
   8.4207646e-01   1.9112681e+00
   8.5252148e-01   1.8237354e+00
   8.5879507e-01   1.9419089e+00
   8.3634680e-01   1.9750661e+00
   8.5402764e-01   1.9495452e+00
   8.4599515e-01   1.9392031e+00
   8.5195900e-01   2.1883057e+00
   8.4608098e-01   2.1217836e+00
   8.4588597e-01   2.1431135e+00
   8.3947069e-01   2.0920664e+00
   8.4444891e-01   2.2262062e+00
   8.4529607e-01   2.1450280e+00
   8.4434805e-01   2.1348757e+00
   8.3645414e-01   2.1840891e+00
   8.4070433e-01   2.2081018e+00
   8.5784985e-01   2.2502961e+00
   8.4150227e-01   2.3317735e+00
   8.4119796e-01   2.3506835e+00
   8.5806719e-01   2.3061781e+00
   8.5428211e-01   2.2166847e+00
   8.3511517e-01   2.3228276e+00
   8.4351216e-01   2.4507722e+00
   8.5960215e-01   2.3283688e+00
   8.3598292e-01   2.4374095e+00
   8.4569401e-01   2.4172417e+00
   8.4601933e-01   2.3715384e+00
   8.4508155e-01   2.3150151e+00
   8.3717379e-01   2.3711361e+00
   8.5227977e-01   2.2954316e+00
   8.4277182e-01   2.3244733e+00
   8.5703040e-01   2.3384655e+00
   8.4494900e-01   2.4039385e+00
   8.5460286e-01   2.3230706e+00
   8.3546373e-01   2.4595765e+00
   8.5124574e-01   2.4973376e+00
   8.4547320e-01   2.4777568e+00
   8.4696035e-01   2.3329729e+00
   8.3698117e-01   2.3837128e+00
   8.4938547e-01   2.5160801e+00
   8.4714916e-01   2.3298530e+00
   8.5224568e-01   2.4951512e+00
  -8.6496576e-01   2.4726123e+00
  -8.6675312e-01   2.4264983e+00
  -8.7419197e-01   2.3405413e+00
  -8.7265457e-01   2.1103494e+00
  -8.6284507e-01   1.7529819e+00
  -8.5862736e-01   1.5588728e+00
  -8.5462571e-01   1.2501149e+00
  -8.7303330e-01   9.9215879e-01
  -8.6766721e-01   6.7195713e-01
  -8.5636538e-01   4.5406896e-01
  -8.7318391e-01   2.6146390e-01
  -8.6772672e-01   6.6072163e-03
  -8.7916808e-01  -1.9998132e-01
  -8.5587468e-01  -4.8268430e-01
  -8.6277574e-01  -7.5093429e-01
  -8.6421594e-01  -7.8850813e-01
  -8.7199099e-01  -9.7670202e-01
  -8.5725413e-01  -1.1919956e+00
  -8.6896954e-01  -1.2712399e+00
  -8.6617677e-01  -1.4038751e+00
  -8.6864556e-01  -1.5385076e+00
  -8.6955389e-01  -1.6887713e+00
  -8.6423607e-01  -1.8422275e+00
  -8.5950367e-01  -1.7489831e+00
  -8.7740768e-01  -1.8427544e+00
  -8.6082645e-01  -1.9844558e+00
  -8.6528043e-01  -2.2152262e+00
  -8.7289607e-01  -2.2121478e+00
  -8.7023809e-01  -2.3197012e+00
  -8.5618644e-01  -2.2658066e+00
  -8.6620684e-01  -2.4489671e+00
  -8.6168186e-01  -2.3174457e+00
  -8.6304364e-01  -2.4683190e+00
  -8.5642894e-01  -2.5923964e+00
  -8.7464846e-01  -2.5038685e+00
  -8.5529338e-01  -2.6105093e+00
  -8.6722592e-01  -2.6466253e+00
  -8.7293861e-01  -2.6826105e+00
  -8.7134325e-01  -2.6219661e+00
  -8.7473047e-01  -2.6636661e+00
  -8.7255078e-01  -2.8183005e+00
  -8.7082645e-01  -2.6796746e+00
  -8.6651593e-01  -2.7456073e+00
  -8.5557307e-01  -2.7693456e+00
  -8.6249032e-01  -2.8718636e+00
  -8.7814141e-01  -2.8485253e+00
  -8.6190870e-01  -2.7767711e+00
  -8.7490029e-01  -2.8038262e+00
  -8.7668102e-01  -2.9248714e+00
  -8.5939032e-01  -2.7464368e+00
  -8.5418362e-01  -2.9301173e+00
  -8.6806270e-01  -2.9444024e+00
  -8.7310640e-01  -2.9991117e+00
  -8.5418286e-01  -2.8873689e+00
  -8.7484507e-01  -2.9106657e+00
  -8.5852265e-01  -2.9483598e+00
  -8.7681789e-01  -2.8484827e+00
  -8.5400576e-01  -2.9050847e+00
  -8.5907483e-01  -2.8320814e+00
  -8.6908508e-01  -2.9583050e+00
  -8.5605801e-01  -2.9269166e+00
  -8.6344150e-01  -2.8498399e+00
  -8.6402878e-01  -3.0324814e+00
  -8.7907702e-01  -2.9274747e+00
  -8.7653107e-01  -2.9444320e+00
  -8.7716271e-01  -3.0151351e+00
  -8.7187599e-01  -2.8566594e+00
  -8.7782306e-01  -2.8732106e+00
  -8.7722843e-01  -2.9889584e+00
  -9.6446555e-01  -3.0325302e+00
  -9.5432000e-01  -3.0664923e+00
  -9.5525074e-01  -3.0887157e+00
  -9.5698281e-01  -2.9464425e+00
  -9.5511098e-01  -3.1272940e+00
  -9.5349496e-01  -3.1889895e+00
  -9.5367313e-01  -3.1492537e+00
  -9.6960258e-01  -3.1281130e+00
  -9.5926082e-01  -3.3145986e+00
  -9.4508689e-01  -3.2384366e+00
  -9.4550417e-01  -3.3026954e+00
  -9.6905043e-01  -3.2853459e+00
  -9.5303777e-01  -3.3231707e+00
  -9.6556634e-01  -3.3937986e+00
  -9.6888171e-01  -3.2842442e+00
  -9.6592166e-01  -3.3955143e+00
  -9.5125669e-01  -3.5346679e+00
  -9.4778436e-01  -3.5504606e+00
  -9.5108015e-01  -3.5199071e+00
  -9.4572472e-01  -3.5811244e+00
  -9.4748511e-01  -3.5993827e+00
  -9.5244955e-01  -3.5709185e+00
  -9.6712626e-01  -3.5109615e+00
  -9.5900820e-01  -3.6626733e+00
  -9.5552688e-01  -3.5634102e+00
  -9.5892111e-01  -3.5841541e+00
  -9.6466190e-01  -3.6635381e+00
  -9.5100143e-01  -3.5459924e+00
  -9.5124814e-01  -3.5670543e+00
  -9.4454562e-01  -3.5009735e+00
  -9.6652088e-01  -3.6323173e+00
  -9.5789697e-01  -3.5160365e+00
  -9.6538457e-01  -3.7012490e+00
  -9.5001547e-01  -3.7328747e+00
  -9.6320276e-01  -3.6139525e+00
  -9.5154270e-01  -3.5633478e+00
  -9.5181140e-01  -3.6573275e+00
  -9.5531052e-01  -3.5537368e+00
  -9.5771599e-01  -3.7117302e+00
  -9.5351108e-01  -3.7001184e+00
  -9.6560752e-01  -3.5508071e+00
  -9.5910599e-01  -3.7392144e+00
  -9.6650686e-01  -3.5745055e+00
  -9.6935028e-01  -3.7641865e+00
  -9.4732672e-01  -3.7895362e+00
  -9.5710013e-01  -3.6531327e+00
  -9.6617396e-01  -3.7266234e+00
  -9.5116195e-01  -3.7200863e+00
  -9.5382782e-01  -3.6564185e+00
  -9.4522914e-01  -3.6045863e+00
  -9.5921314e-01  -3.7509222e+00
  -9.4919358e-01  -3.6535681e+00
  -9.5050163e-01  -3.6035473e+00
  -9.5786323e-01  -3.7693005e+00
  -9.6079044e-01  -3.7577386e+00
  -9.5209970e-01  -3.5811384e+00
  -9.5165553e-01  -3.5869977e+00
  -9.5759597e-01  -3.7437277e+00
  -9.6808876e-01  -3.7676999e+00
  -9.5982777e-01  -3.7629613e+00
  -9.4847581e-01  -3.7727871e+00
  -9.4525067e-01  -3.7557832e+00
  -9.6328512e-01  -3.7560987e+00
  -9.6835411e-01  -3.6420265e+00
  -9.5956780e-01  -3.8110369e+00
  -9.6643021e-01  -3.6093908e+00
  -9.5901103e-01  -3.6555569e+00
  -9.5554996e-01  -3.5812714e+00
  -9.6253760e-01  -3.6581554e+00
  -8.8248073e-01  -3.6741771e+00
  -8.8046607e-01  -3.6777242e+00
  -8.7986776e-01  -3.7356785e+00
  -8.6672231e-01  -3.7363320e+00
  -8.7845235e-01  -3.5124477e+00
  -8.7559985e-01  -3.6686793e+00
  -8.6218708e-01  -3.6753937e+00
  -8.6429970e-01  -3.5439132e+00
  -8.6563003e-01  -3.5922151e+00
  -8.7800515e-01  -3.4094391e+00
  -8.7821061e-01  -3.4234151e+00
  -8.6412544e-01  -3.4475393e+00
  -8.7127520e-01  -3.3050458e+00
  -8.8117623e-01  -3.2855881e+00
  -8.7625158e-01  -3.3892150e+00
  -8.7781660e-01  -3.1992387e+00
  -8.6519527e-01  -3.3931313e+00
  -8.7692801e-01  -3.3658683e+00
  -8.6734667e-01  -3.1773796e+00
  -8.7383460e-01  -3.1865051e+00
  -8.6820439e-01  -3.1651739e+00
  -8.8107834e-01  -3.2606592e+00
  -8.7732783e-01  -3.2631514e+00
  -8.6131417e-01  -3.1079014e+00
  -8.8036045e-01  -3.1217841e+00
  -8.6662319e-01  -3.2864429e+00
  -8.6803102e-01  -3.1297956e+00
  -8.6934910e-01  -3.2727751e+00
  -8.7201600e-01  -3.1509091e+00
  -8.6950663e-01  -3.1870429e+00
  -8.7336329e-01  -3.1520066e+00
  -8.7319751e-01  -3.2219344e+00
  -8.6524815e-01  -3.0769979e+00
  -8.8600693e-01  -3.0522727e+00
  -8.7186710e-01  -3.1438720e+00
  -8.6916556e-01  -3.0007548e+00
  -8.8075657e-01  -3.0737609e+00
  -8.6970581e-01  -3.1033379e+00
  -8.6454968e-01  -3.1668756e+00
  -8.6838103e-01  -3.0549134e+00
  -8.7223957e-01  -3.1698981e+00
  -8.8091535e-01  -2.9921812e+00
  -8.8501232e-01  -3.1508859e+00
  -8.7791857e-01  -3.1881729e+00
  -8.8168407e-01  -3.0141318e+00
  -8.6287639e-01  -3.0867640e+00
  -8.6337362e-01  -3.1407070e+00
  -8.6305738e-01  -3.1479491e+00
  -8.6753208e-01  -3.1298305e+00
  -8.8603640e-01  -2.9611957e+00
  -8.6214295e-01  -3.1474489e+00
  -8.6479471e-01  -2.9771638e+00
  -8.7508087e-01  -2.9980329e+00
  -8.6739019e-01  -3.1051166e+00
  -8.8254116e-01  -2.9811334e+00
  -8.8314599e-01  -3.0068516e+00
  -8.7366941e-01  -3.1353703e+00
  -8.6133559e-01  -2.9630664e+00
  -8.7665094e-01  -3.0325133e+00
  -8.8673158e-01  -3.0032930e+00
  -8.7832114e-01  -3.0852206e+00
  -8.7086106e-01  -2.9723586e+00
  -8.8122500e-01  -3.0069705e+00
  -8.7378299e-01  -3.1011364e+00
  -8.7049543e-01  -3.1554453e+00
  -8.7565599e-01  -3.0007178e+00
  -8.7498293e-01  -3.1425501e+00
  -8.6350393e-01  -3.0006743e+00
  -8.6989705e-01  -3.0774191e+00
  -5.7589085e-01  -3.1629890e+00
  -5.8890033e-01  -3.0158154e+00
  -5.8556391e-01  -2.9792628e+00
  -5.9149182e-01  -2.9242022e+00
  -5.7676747e-01  -2.8191405e+00
  -5.9921188e-01  -2.8160988e+00
  -5.9395382e-01  -2.6565173e+00
  -5.8557025e-01  -2.5861535e+00
  -5.8210648e-01  -2.5280402e+00
  -5.9084807e-01  -2.3782314e+00
  -5.9077888e-01  -2.2986519e+00
  -5.7359538e-01  -2.2875069e+00
  -5.8491845e-01  -2.1960089e+00
  -5.8876250e-01  -2.1922693e+00
  -5.8570673e-01  -1.9265291e+00
  -5.8503015e-01  -1.8672667e+00
  -5.9594384e-01  -1.9330120e+00
  -5.8284713e-01  -1.9199359e+00
  -5.8272356e-01  -1.8393023e+00
  -5.9113147e-01  -1.7066711e+00
  -5.8457424e-01  -1.6026932e+00
  -5.7540681e-01  -1.7237559e+00
  -5.8377231e-01  -1.6574264e+00
  -5.9846469e-01  -1.5011799e+00
  -5.7914310e-01  -1.6179376e+00
  -5.7767541e-01  -1.5074843e+00
  -5.7992383e-01  -1.4168220e+00
  -5.8490733e-01  -1.4669630e+00
  -5.8988587e-01  -1.4996819e+00
  -5.9794231e-01  -1.5196838e+00
  -5.9878135e-01  -1.4094822e+00
  -5.9827806e-01  -1.5029296e+00
  -5.8396761e-01  -1.4497305e+00
  -5.8741991e-01  -1.4333965e+00
  -5.7478488e-01  -1.3563162e+00
  -5.9177656e-01  -1.4091235e+00
  -5.9470385e-01  -1.3022997e+00
  -5.9833182e-01  -1.2637605e+00
  -5.8222644e-01  -1.3509665e+00
  -5.8687079e-01  -1.2034233e+00
  -5.8164971e-01  -1.3796699e+00
  -5.8554997e-01  -1.3732044e+00
  -5.8543152e-01  -1.3568480e+00
  -5.7486759e-01  -1.2405331e+00
  -5.9251700e-01  -1.1761819e+00
  -5.9552814e-01  -1.2816284e+00
  -5.9371389e-01  -1.1787296e+00
  -5.8177130e-01  -1.1774534e+00
  -5.9140998e-01  -1.2886841e+00
  -5.9476093e-01  -1.1602498e+00
  -5.7518844e-01  -1.2268739e+00
  -5.9895307e-01  -1.1867328e+00
  -5.9809716e-01  -1.3117004e+00
  -5.9827178e-01  -1.3129010e+00
  -5.9285657e-01  -1.2839478e+00
  -5.8858813e-01  -1.2816167e+00
  -5.9536375e-01  -1.1694409e+00
  -5.7351511e-01  -1.2616854e+00
  -5.7736073e-01  -1.3428802e+00
  -5.7754707e-01  -1.1615785e+00
  -5.8629230e-01  -1.2933556e+00
  -5.8024377e-01  -1.1205547e+00
  -5.8586877e-01  -1.3124755e+00
  -5.8236389e-01  -1.1616960e+00
  -5.7742292e-01  -1.2256046e+00
  -5.7778463e-01  -1.2278646e+00
  -5.7695239e-01  -1.3094192e+00
  -5.9410176e-01  -1.3105454e+00
  -5.9410463e-01  -1.2458758e+00
   5.1526978e-01  -1.1527567e+00
   5.1524728e-01  -1.2986327e+00
   5.1197061e-01  -1.1602684e+00
   5.0638078e-01  -1.2001067e+00
   5.0633068e-01  -9.6879200e-01
   5.0573279e-01  -1.0512721e+00
   5.0488862e-01  -8.3403429e-01
   5.1839071e-01  -9.9283540e-01
   5.1133740e-01  -7.2799701e-01
   5.0382837e-01  -7.4574045e-01
   5.2620787e-01  -7.6137822e-01
   5.1103051e-01  -6.6467901e-01
   5.1093862e-01  -4.6650903e-01
   5.2234830e-01  -4.4453787e-01
   5.1721296e-01  -5.7859467e-01
   5.2223858e-01  -4.0766566e-01
   5.1116679e-01  -4.0072734e-01
   5.2110794e-01  -2.4589756e-01
   5.1854990e-01  -3.6687427e-01
   5.1159369e-01  -3.0867655e-01
   5.1251181e-01  -1.5349711e-01
   5.1748617e-01  -3.3288262e-01
   5.0541027e-01  -1.8490816e-01
   5.0316288e-01  -1.5296379e-01
   5.1021984e-01  -1.3031294e-01
   5.1087881e-01  -1.7965538e-01
   5.2722836e-01  -6.1543187e-02
   5.1917066e-01  -1.0466767e-01
   5.1631140e-01  -1.8757806e-01
   5.2499016e-01  -8.4451279e-02
   5.2523086e-01  -1.7707383e-01
   5.0303791e-01   5.4169810e-02
   5.0589064e-01   7.0710079e-02
   5.0547239e-01  -4.6558709e-02
   5.0486902e-01   7.5432369e-02
   5.1411590e-01  -1.1407361e-01
   5.0494244e-01  -1.2058317e-01
   5.0245317e-01  -7.4035902e-02
   5.2572646e-01   5.5985163e-03
   5.0621320e-01  -2.9252761e-04
   5.0487611e-01  -3.6885929e-02
   5.0459372e-01   5.2972926e-02
   5.1564904e-01   9.8318849e-02
   5.2134709e-01  -5.0687246e-02
   5.1210747e-01   1.3215845e-01
   5.1518072e-01  -2.6443694e-02
   5.1132091e-01  -7.8475613e-02
   5.2248657e-01   5.8471048e-02
   5.2241090e-01   4.9767912e-02
   5.1806787e-01   1.2998761e-01
   5.1069853e-01  -2.2451149e-02
   5.0671891e-01   1.1705836e-01
   5.1300603e-01   4.7255627e-02
   5.2343738e-01   8.8671326e-03
   5.0380317e-01   9.4111270e-02
   5.2138157e-01   5.0984909e-02
   5.2275966e-01   1.6416225e-01
   5.1526421e-01  -3.6203023e-03
   5.0340501e-01  -4.6403223e-02
   5.1725711e-01   1.3761799e-01
   5.1709829e-01  -1.0622446e-02
   5.2198464e-01   1.6958747e-01
   5.0926176e-01  -6.7147708e-03
   5.1647862e-01   7.7628869e-02
   5.0727871e-01   1.4193821e-01
   5.1445893e-01  -1.5573664e-03
   5.0359692e-01   3.2437193e-02
   5.2436578e-01   1.3954815e-01
   5.1461657e-01   9.4709941e-03
   2.3500146e-01   1.7349719e-01
   2.2589619e-01   9.9175942e-02
   2.3730444e-01   7.6994561e-02
   2.2429547e-01  -3.4040054e-02
   2.4414212e-01  -4.0509076e-02
   2.4781019e-01   2.0753383e-02
   2.3249504e-01   2.8810780e-03
   2.4855179e-01   7.9629781e-02
   2.2496793e-01  -2.9120057e-02
   2.2775894e-01  -1.2536630e-02
   2.2491474e-01  -5.4439999e-02
   2.3569951e-01  -2.9477366e-02
   2.4819534e-01   8.4024094e-02
   2.3272727e-01   7.3118299e-02
   2.4986579e-01  -1.0088423e-01
   2.3189781e-01  -8.6528646e-02
   2.2579737e-01  -6.7365942e-02
   2.4704848e-01  -1.6317248e-01
   2.3953828e-01   4.1179353e-02
   2.4973226e-01  -7.3819246e-02
   2.4418190e-01  -5.1071418e-02
   2.2500459e-01  -7.7635462e-02
   2.3315253e-01  -1.2357092e-01
   2.4307905e-01  -1.5953696e-01
   2.3094290e-01  -1.6267899e-01
   2.2892643e-01  -2.9032545e-04
   2.3271495e-01  -1.2758986e-01
   2.4852361e-01  -1.1688660e-01
   2.2818524e-01  -1.9697831e-02
   2.3370445e-01  -8.6135596e-02
   2.4757173e-01  -5.8401071e-02
   2.3997464e-01   3.7784454e-03
   2.4762969e-01  -3.1724264e-02
   2.3208415e-01  -1.3623214e-01
   2.3487960e-01  -1.7054649e-01
   2.3088855e-01  -1.7632381e-01
   2.3067155e-01  -7.2901770e-02
   2.3050822e-01  -4.5187442e-02
   2.2475773e-01  -4.4388576e-02
   2.2543723e-01  -2.1031273e-01
   2.3483857e-01  -9.2508549e-02
   2.3131981e-01  -7.4333397e-02
   2.2889281e-01  -9.0779899e-02
   2.4843856e-01  -3.3486112e-02
   2.3856104e-01  -1.4739315e-01
   2.4443778e-01  -1.5380515e-01
   2.2658310e-01  -9.4674839e-02
   2.3062607e-01  -6.2733739e-02
   2.3189081e-01  -1.0704125e-01
   2.3811303e-01  -1.7184263e-01
   2.4738575e-01  -1.9656259e-01
   2.4958640e-01  -1.8912449e-01
   2.3136185e-01  -1.2681346e-01
   2.3380359e-01  -1.4139703e-01
   2.3875621e-01  -1.0580264e-01
   2.2427943e-01  -1.6285774e-02
   2.2644268e-01  -5.0994253e-02
   2.2458198e-01  -1.1972312e-01
   2.2838685e-01  -8.6354137e-02
   2.4227947e-01  -7.8640864e-02
   2.4538719e-01  -1.9404531e-01
   2.4423210e-01  -2.2483161e-01
   2.3632285e-01  -1.0219909e-01
   2.2929547e-01  -2.4625050e-01
   2.4693050e-01  -1.1424461e-01
   2.2938012e-01  -1.6322154e-01
   2.4026401e-01  -1.5927706e-01
   2.4535939e-01  -3.6486125e-02
   2.4663629e-01  -6.4488748e-02
   9.0038334e-01  -1.2677580e-01
   9.1683120e-01  -9.3102227e-02
   9.1268483e-01  -4.7106133e-02
   9.0367622e-01   1.0062402e-01
   9.1427573e-01   2.1524856e-01
   9.1373482e-01   3.1039296e-01
   9.0206481e-01   5.7443932e-01
   8.9975593e-01   7.2776105e-01
   9.0200026e-01   9.4231357e-01
   9.0786213e-01   1.1895443e+00
   9.1661687e-01   1.2015547e+00
   9.0852518e-01   1.3987579e+00
   9.1752102e-01   1.5026284e+00
   9.2271880e-01   1.8322993e+00
   9.1613804e-01   1.8608602e+00
   9.0613903e-01   1.9735114e+00
   9.0313861e-01   1.9916099e+00
   9.0532508e-01   2.1134193e+00
   9.2267180e-01   2.1751150e+00
   9.1003461e-01   2.3444220e+00
   9.1401491e-01   2.5018575e+00
   9.0616939e-01   2.6223821e+00
   9.0160462e-01   2.6035036e+00
   9.1005176e-01   2.6581120e+00
   9.1818565e-01   2.7277876e+00
   9.0185748e-01   2.7022935e+00
   8.9923438e-01   2.9347718e+00
   9.1475657e-01   2.9232528e+00
   9.2255252e-01   2.9248578e+00
   9.0095693e-01   2.8425428e+00
   9.2414067e-01   3.0791326e+00
   9.1146765e-01   2.9293164e+00
   9.2383950e-01   3.1630448e+00
   9.0175723e-01   3.1301457e+00
   9.1861136e-01   3.2057283e+00
   9.0937192e-01   3.1461333e+00
   9.2418183e-01   3.2493501e+00
   8.9953757e-01   3.2260461e+00
   9.0469982e-01   3.1238928e+00
   9.1657915e-01   3.1511055e+00
   9.1295656e-01   3.3390204e+00
   8.9992628e-01   3.1533625e+00
   9.1829747e-01   3.1982698e+00
   9.0306428e-01   3.2048971e+00
   9.2049150e-01   3.2168282e+00
   9.0541971e-01   3.3160360e+00
   9.0116013e-01   3.1849372e+00
   9.2241504e-01   3.2280423e+00
   9.1878258e-01   3.2648409e+00
   9.2296259e-01   3.2790054e+00
   9.0628151e-01   3.3631256e+00
   9.1129858e-01   3.2877464e+00
   9.1865108e-01   3.4266882e+00
   9.2009821e-01   3.3391259e+00
   9.1063662e-01   3.2992838e+00
   9.0093814e-01   3.4528064e+00
   9.1400035e-01   3.2888701e+00
   9.1613979e-01   3.3750490e+00
   9.1699155e-01   3.3113520e+00
   9.0852530e-01   3.3582178e+00
   9.0132089e-01   3.3053042e+00
   9.0364409e-01   3.3035081e+00
   9.0004700e-01   3.3893831e+00
   9.0690263e-01   3.3191345e+00
   9.1794079e-01   3.3823029e+00
   8.9922557e-01   3.4720957e+00
   9.2230229e-01   3.4878886e+00
   9.0958244e-01   3.2719880e+00
   9.0678598e-01   3.2846256e+00
  -3.7856923e-01   3.4933501e+00
  -3.7952223e-01   3.4630200e+00
  -3.9268789e-01   3.2600314e+00
  -3.7725974e-01   3.2442606e+00
  -3.7207372e-01   2.8717440e+00
  -3.8824726e-01   2.7248755e+00
  -3.7163448e-01   2.6673323e+00
  -3.8839056e-01   2.4318493e+00
  -3.8385214e-01   2.3164064e+00
  -3.8673007e-01   2.1140360e+00
  -3.8250767e-01   1.7643840e+00
  -3.9405216e-01   1.7918366e+00
  -3.9515917e-01   1.5798683e+00
  -3.8315777e-01   1.2826496e+00
  -3.7750655e-01   1.2455353e+00
  -3.8159649e-01   1.2316210e+00
  -3.7317132e-01   8.9537298e-01
  -3.7696325e-01   9.0607738e-01
  -3.7170368e-01   7.8486356e-01
  -3.7434528e-01   6.9420984e-01
  -3.7160966e-01   7.2910494e-01
  -3.7075932e-01   4.5585343e-01
  -3.8660406e-01   3.6777863e-01
  -3.9127743e-01   3.4852594e-01
  -3.8844961e-01   2.9954412e-01
  -3.9444813e-01   2.5456451e-01
  -3.9451044e-01   3.0502587e-01
  -3.9613885e-01   7.9921566e-02
  -3.7940043e-01   2.3398581e-02
  -3.8517070e-01   1.1034809e-01
  -3.7490712e-01  -5.4845696e-02
  -3.9475448e-01   1.0838834e-01
  -3.7693307e-01  -1.0946563e-01
  -3.7653128e-01  -7.6199416e-02
  -3.7251609e-01  -9.7969245e-02
  -3.7301103e-01  -1.1427772e-01
  -3.7102858e-01  -1.0010573e-01
  -3.9478521e-01  -7.2873625e-02
  -3.9625865e-01  -1.7117566e-01
  -3.8054175e-01  -2.5352043e-01
  -3.7657838e-01  -1.9631833e-01
  -3.7870000e-01  -2.2109771e-01
  -3.7688988e-01  -3.3492207e-01
  -3.7280545e-01  -2.0099257e-01
  -3.7897470e-01  -2.3943618e-01
  -3.8695189e-01  -2.3201422e-01
  -3.7137519e-01  -2.9854947e-01
  -3.8892427e-01  -3.9466617e-01
  -3.7757980e-01  -3.9302285e-01
  -3.9186310e-01  -3.1824821e-01
  -3.9471053e-01  -2.8625994e-01
  -3.9205976e-01  -4.1361885e-01
  -3.7813248e-01  -3.9991733e-01
  -3.9044657e-01  -3.3420977e-01
  -3.7935862e-01  -4.4500512e-01
  -3.9276926e-01  -3.5306000e-01
  -3.9093926e-01  -3.8951430e-01
  -3.8817439e-01  -3.7530108e-01
  -3.8555731e-01  -2.4956630e-01
  -3.8536753e-01  -3.4488020e-01
  -3.9067537e-01  -2.7247876e-01
  -3.7402581e-01  -3.7767979e-01
  -3.9058338e-01  -3.9647418e-01
  -3.8232285e-01  -4.5245391e-01
  -3.8396516e-01  -4.3964867e-01
  -3.8662432e-01  -3.6230490e-01
  -3.8178564e-01  -2.9378064e-01
  -3.8028645e-01  -3.5800683e-01
  -3.8071978e-01  -2.6145843e-01
  -6.2285706e-01  -3.9756823e-01
  -6.1823468e-01  -4.5298648e-01
  -6.3508648e-01  -3.3757361e-01
  -6.1809879e-01  -4.3894066e-01
  -6.2222257e-01  -4.7327258e-01
  -6.2731060e-01  -6.0154435e-01
  -6.1956878e-01  -5.7690542e-01
  -6.2413863e-01  -7.3092101e-01
  -6.1896722e-01  -6.3832188e-01
  -6.1731938e-01  -7.8173439e-01
  -6.2310830e-01  -8.7503127e-01
  -6.2690815e-01  -9.0052023e-01
  -6.2393800e-01  -8.7845212e-01
  -6.2783911e-01  -1.0048024e+00
  -6.1506605e-01  -9.2923458e-01
  -6.3112082e-01  -1.0291216e+00
  -6.3260572e-01  -9.8844034e-01
  -6.2916799e-01  -1.1856069e+00
  -6.2104674e-01  -1.2241630e+00
  -6.2137641e-01  -1.2161854e+00
  -6.2169311e-01  -1.1351131e+00
  -6.2573214e-01  -1.2128056e+00
  -6.2884498e-01  -1.2407943e+00
  -6.1557322e-01  -1.1270068e+00
  -6.3729752e-01  -1.1483917e+00
  -6.3372105e-01  -1.1323168e+00
  -6.3449921e-01  -1.3580309e+00
  -6.1586938e-01  -1.2997120e+00
  -6.3275117e-01  -1.2666215e+00
  -6.2830080e-01  -1.2685483e+00
  -6.3358328e-01  -1.2163196e+00
  -6.1971529e-01  -1.3701044e+00
  -6.2122429e-01  -1.3275297e+00
  -6.1853597e-01  -1.4006168e+00
  -6.3922602e-01  -1.2380174e+00
  -6.3407186e-01  -1.4620624e+00
  -6.3683888e-01  -1.3888286e+00
  -6.2115996e-01  -1.4044045e+00
  -6.3512595e-01  -1.3695533e+00
  -6.1912999e-01  -1.3387863e+00
  -6.2060105e-01  -1.4526049e+00
  -6.1919082e-01  -1.4980693e+00
  -6.3040349e-01  -1.2890798e+00
  -6.3983843e-01  -1.4601868e+00
  -6.2650350e-01  -1.3345347e+00
  -6.2978971e-01  -1.4704954e+00
  -6.2873813e-01  -1.4541881e+00
  -6.3771242e-01  -1.5047268e+00
  -6.1910413e-01  -1.4768399e+00
  -6.3006809e-01  -1.3514657e+00
  -6.3590811e-01  -1.3328961e+00
  -6.2965099e-01  -1.3573945e+00
  -6.1723575e-01  -1.5101761e+00
  -6.2501058e-01  -1.3977349e+00
  -6.3701881e-01  -1.3101364e+00
  -6.2820401e-01  -1.3891771e+00
  -6.3556367e-01  -1.4472103e+00
  -6.2887030e-01  -1.5256807e+00
  -6.1601107e-01  -1.3692356e+00
  -6.2397285e-01  -1.3629664e+00
  -6.3111086e-01  -1.3311806e+00
  -6.2069268e-01  -1.4042906e+00
  -6.2763834e-01  -1.5254440e+00
  -6.2825756e-01  -1.4119097e+00
  -6.1537853e-01  -1.3465388e+00
  -6.1907631e-01  -1.4538042e+00
  -6.2567874e-01  -1.4356643e+00
  -6.2648160e-01  -1.3485935e+00
  -6.3293675e-01  -1.3560789e+00
   4.3509393e-01  -1.3389150e+00
   4.2957347e-01  -1.5370606e+00
   4.3553597e-01  -1.3897645e+00
   4.4892272e-01  -1.4251222e+00
   4.5088776e-01  -1.1811422e+00
   4.3614320e-01  -1.2030245e+00
   4.5389983e-01  -1.0463697e+00
   4.4705505e-01  -9.7968432e-01
   4.4980324e-01  -9.1709330e-01
   4.4556029e-01  -8.3049897e-01
   4.3621686e-01  -7.8573973e-01
   4.4024465e-01  -7.2889314e-01
   4.3237423e-01  -8.1580480e-01
   4.5081244e-01  -7.7243417e-01
   4.4559015e-01  -5.8370259e-01
   4.2912490e-01  -7.2102692e-01
   4.3803696e-01  -6.2039221e-01
   4.3011220e-01  -5.9507037e-01
   4.5126687e-01  -5.8305185e-01
   4.4108436e-01  -5.1800094e-01
   4.5148398e-01  -4.4839442e-01
   4.5031008e-01  -4.6491565e-01
   4.4830820e-01  -2.9376110e-01
   4.4342129e-01  -3.1574904e-01
   4.5133805e-01  -4.5012293e-01
   4.3549815e-01  -2.0819667e-01
   4.2910054e-01  -3.2383986e-01
   4.3810769e-01  -3.0268336e-01
   4.5053972e-01  -1.8637891e-01
   4.3796876e-01  -3.2616000e-01
   4.3935734e-01  -3.1950615e-01
   4.4819214e-01  -1.5821718e-01
   4.4684379e-01  -1.9925517e-01
   4.3709822e-01  -1.1167781e-01
   4.5236212e-01  -2.9015645e-01
   4.3694954e-01  -1.5289867e-01
   4.3039420e-01  -2.2905757e-01
   4.4832611e-01  -7.8856521e-02
   4.4984760e-01  -2.5342696e-01
   4.3625752e-01  -9.8737822e-02
   4.5366543e-01  -1.4450130e-01
   4.3291968e-01  -6.4789155e-02
   4.3393321e-01  -2.0912555e-02
   4.3282342e-01  -2.3073667e-02
   4.4036982e-01  -1.5420790e-01
   4.5292445e-01  -1.9522838e-01
   4.4474912e-01  -1.8813423e-03
   4.3159282e-01  -1.5169237e-01
   4.5265066e-01  -7.5474225e-02
   4.4574355e-01  -1.6314485e-02
   4.5110165e-01  -7.7771347e-02
   4.5309684e-01  -1.1056794e-01
   4.3828862e-01  -6.9449580e-02
   4.4707862e-01  -9.7708042e-03
   4.3575317e-01  -8.4590253e-02
   4.4070639e-01  -1.5502810e-01
   4.5030902e-01  -1.1757999e-01
   4.3344621e-01   2.1879659e-02
   4.4382517e-01  -1.7581894e-01
   4.3969180e-01  -2.3144019e-02
   4.3155849e-01  -6.5405843e-02
   4.4902206e-01  -4.4480204e-02
   4.3593906e-01  -1.7383544e-01
   4.3088603e-01  -8.8415215e-02
   4.4266928e-01  -1.0302862e-02
   4.4242578e-01  -1.6840245e-01
   4.4151680e-01  -8.1038595e-02
   4.5272086e-01  -5.5997012e-03
   4.5324617e-01  -3.2645837e-02
  -4.2423952e-02  -9.0784691e-03
  -3.4618678e-02   4.1993510e-02
  -2.8542554e-02   1.5626365e-02
  -2.4423096e-02  -8.4298563e-02
  -3.3547212e-02   1.3687822e-02
  -4.4350309e-02   4.5828463e-02
  -3.0229626e-02  -1.4764220e-01
  -3.1067395e-02   5.4440214e-03
  -3.3186983e-02   3.0222596e-02
  -2.4666560e-02  -1.0212431e-01
  -2.9528370e-02   6.2594960e-02
  -3.8100530e-02  -4.3318984e-02
  -3.1826703e-02  -1.3177537e-01
  -2.5726537e-02   5.6842686e-02
  -2.9117906e-02  -4.6496296e-02
  -2.7366202e-02  -7.3974751e-02
  -3.6578229e-02   1.7624870e-02
  -3.0632659e-02   6.6383219e-02
  -2.8539128e-02   3.0375556e-02
  -4.0056193e-02  -7.3066278e-02
  -3.3403143e-02   8.7571239e-02
  -2.6743404e-02  -9.4149222e-02
  -4.6199486e-02   1.1087205e-01
  -4.0005721e-02  -3.8540674e-02
  -2.7533511e-02  -1.4987662e-02
  -3.3017198e-02   1.3590931e-02
  -4.3935124e-02  -1.0556204e-01
  -4.4499128e-02   9.1540972e-02
  -2.4149563e-02  -5.7534880e-02
  -4.8331555e-02  -4.4784350e-02
  -4.1664133e-02  -1.1822393e-02
  -3.3190937e-02   6.2662681e-02
  -3.7060548e-02  -3.5774962e-02
  -4.7824211e-02   7.1878072e-02
  -2.4316801e-02  -1.0986361e-01
  -3.3972355e-02  -4.3098187e-02
  -2.3476370e-02   1.0579966e-01
  -3.5464469e-02   8.3524547e-02
  -4.3758628e-02  -1.6823207e-02
  -4.6331363e-02   6.2797902e-02
  -3.6289076e-02   2.3248369e-02
  -2.3272746e-02   3.5974409e-02
  -4.4939920e-02   9.1746728e-02
  -3.0980942e-02   1.1507521e-01
  -2.8081508e-02  -7.8851656e-02
  -3.6605293e-02  -4.9617245e-02
  -3.9792596e-02  -9.1252126e-03
  -3.0652292e-02   1.2067226e-01
  -3.1514624e-02  -6.1430877e-03
  -2.7307337e-02   1.0941654e-01
  -4.7604867e-02  -5.1330720e-02
  -3.0819023e-02   4.3879383e-02
  -4.2434869e-02  -5.8582435e-02
  -3.0240733e-02   4.3054358e-02
  -3.7546028e-02  -9.6392758e-03
  -2.9925017e-02  -3.4819135e-02
  -4.7988274e-02   1.0102581e-02
  -3.1518650e-02   2.7142187e-03
  -2.5963078e-02   4.0658390e-04
  -4.7116897e-02  -4.0953683e-02
  -3.0373267e-02   7.8330568e-02
  -2.4161934e-02   3.7559083e-02
  -3.3479977e-02   1.2924211e-01
  -2.5777127e-02   4.6638224e-03
  -4.4955433e-02  -9.3491605e-02
  -2.6345706e-02   1.8091389e-02
  -4.3630601e-02  -1.4397778e-02
  -4.1882897e-02  -3.9462894e-02
  -2.8357122e-02   3.9227765e-02
   3.0751390e-01   1.8765060e-02
   3.0232669e-01   5.8245830e-02
   2.9803538e-01  -2.2207365e-02
   2.9095635e-01   5.9197765e-02
   2.8672973e-01   3.4062625e-02
   2.9209649e-01   1.6758425e-02
   3.0931994e-01  -6.4031584e-02
   2.8988098e-01   7.0860833e-02
   2.8757040e-01  -8.9632396e-02
   3.0927060e-01  -1.0333757e-01
   2.8933409e-01  -1.3206041e-01
   2.9489972e-01  -3.3274074e-02
   2.9343617e-01   1.7566177e-02
   2.8611631e-01  -1.9882091e-02
   3.1044658e-01  -1.4417398e-01
   3.0281092e-01   3.0489891e-02
   2.9336646e-01  -8.5085581e-03
   2.9259452e-01  -8.1498990e-02
   3.0871532e-01  -1.2534761e-01
   2.8610810e-01  -2.1898694e-01
   3.0943591e-01  -2.1308102e-01
   2.9290138e-01  -2.2772124e-01
   2.8518693e-01  -1.8469597e-02
   3.0323907e-01  -1.7125944e-01
   2.9567374e-01  -1.9785724e-01
   3.0042732e-01  -1.9473158e-01
   3.0524128e-01  -1.8225476e-01
   2.8736764e-01  -1.2357626e-01
   3.0900361e-01  -6.2940957e-02
   3.0501149e-01  -1.3991840e-01
   2.8728645e-01  -6.2829283e-02
   2.9473922e-01  -2.4888720e-01
   3.0107408e-01  -1.2192691e-01
   2.8488147e-01  -1.2531650e-01
   2.8482375e-01  -2.2854063e-01
   2.8921927e-01  -2.0847408e-01
   2.9783654e-01  -2.4572873e-02
   2.9118887e-01  -1.5005419e-01
   2.9740868e-01  -1.0346825e-01
   3.0687949e-01  -1.5707537e-01
   2.9859073e-01  -2.0327203e-01
   2.9788417e-01  -4.4274252e-02
   2.8872074e-01  -2.1378930e-01
   3.0436034e-01  -1.2464205e-01
   2.8858745e-01  -2.3708273e-01
   2.8907504e-01  -2.0335878e-01
   2.9060387e-01  -4.7732700e-02
   2.9012827e-01  -4.4647198e-02
   3.0423215e-01  -2.0331462e-01
   2.9512005e-01  -9.9295987e-02
   2.9676064e-01  -3.2603268e-02
   3.0490522e-01  -4.1600346e-02
   3.0739555e-01  -1.5285316e-01
   2.9916175e-01  -7.7027685e-02
   2.9765777e-01  -2.4515493e-01
   3.0551453e-01  -1.6847977e-01
   3.0001274e-01  -1.3617718e-01
   2.8856915e-01  -2.2110931e-01
   3.0674392e-01  -8.3327687e-02
   2.9790090e-01  -1.7792894e-01
   2.9353754e-01  -1.4106362e-01
   2.9719662e-01  -1.5574596e-01
   2.8879404e-01  -7.1369245e-02
   2.9482585e-01  -2.3130716e-01
   2.8837811e-01  -1.7667388e-01
   2.9697443e-01  -2.2000813e-01
   2.9775088e-01  -1.8542669e-01
   3.0860793e-01  -8.1748378e-02
   2.8991626e-01  -2.0957483e-01
   2.2955413e-01  -1.3253396e-01
   2.1511409e-01  -1.6118678e-01
   2.2608589e-01  -7.6658881e-02
   2.0585892e-01  -2.1485341e-01
   2.2456369e-01  -2.5819350e-01
   2.2621223e-01  -3.7766908e-02
   2.1269632e-01  -5.5988256e-02
   2.3025850e-01  -1.6957911e-01
   2.1367525e-01  -6.0871080e-02
   2.1714640e-01  -2.4966411e-01
   2.1596992e-01  -1.5336471e-01
   2.1097799e-01  -1.5029918e-01
   2.2552854e-01  -2.5310403e-01
   2.2566103e-01  -1.4161210e-01
   2.0594658e-01  -2.7035642e-02
   2.2345069e-01  -7.2635625e-02
   2.1678349e-01  -6.9041877e-02
   2.2444176e-01  -1.5834428e-01
   2.2263714e-01  -1.2029032e-01
   2.1367017e-01  -1.9337682e-01
   2.1547661e-01  -9.2644981e-02
   2.0855693e-01  -2.8091792e-02
   2.1042663e-01  -2.5047836e-01
   2.0581044e-01  -2.1482750e-01
   2.2065841e-01  -1.6273063e-01
   2.2414457e-01  -1.9322852e-01
   2.1569971e-01  -1.1371846e-01
   2.1213871e-01  -2.3350360e-01
   2.1535779e-01  -9.2191720e-02
   2.1627046e-01  -1.7500225e-01
   2.1645458e-01  -1.9406342e-01
   2.1442129e-01  -1.2600469e-01
   2.2218982e-01  -2.1115179e-01
   2.1066102e-01  -1.7128670e-02
   2.0603162e-01  -1.2801147e-01
   2.0582953e-01  -2.0135293e-01
   2.0534978e-01  -4.1784411e-02
   2.2677374e-01  -1.4824336e-01
   2.1434668e-01  -1.4480514e-01
   2.2884032e-01  -2.2280914e-01
   2.1892508e-01  -2.1197610e-01
   2.3040993e-01  -1.1044523e-02
   2.1732825e-01  -1.8254649e-01
   2.0985768e-01  -1.3992546e-01
   2.1478761e-01  -2.2074778e-02
   2.3088294e-01  -1.0539026e-01
   2.1453538e-01  -1.1689466e-01
   2.2965381e-01  -6.9775017e-02
   2.1249797e-01  -1.7350468e-01
   2.1123828e-01  -2.2809743e-01
   2.0766794e-01  -1.0343209e-01
   2.1443458e-01  -7.2125535e-02
   2.0880921e-01  -1.2760934e-01
   2.2991835e-01  -2.3283657e-01
   2.2382543e-01  -2.2617593e-01
   2.1631161e-01  -1.2491802e-01
   2.3094856e-01  -5.3215204e-02
   2.2043007e-01  -2.1013543e-01
   2.1676854e-01  -1.5833713e-01
   2.1673638e-01  -7.0684928e-02
   2.1620195e-01  -1.1896659e-01
   2.1365904e-01  -2.5034255e-02
   2.1963870e-01  -1.4734183e-01
   2.0808528e-01  -8.0205053e-02
   2.2238082e-01  -1.1605945e-01
   2.2926297e-01  -9.8762559e-02
   2.0860947e-01  -4.0072093e-02
   2.2138607e-01  -5.8808956e-02
   2.1110013e-01  -9.0618049e-02
   2.8728924e-01  -1.3602867e-01
   2.6865552e-01  -2.2821417e-01
   2.8300571e-01  -2.1644674e-01
   2.6924353e-01  -1.2828805e-01
   2.7858181e-01  -9.0571975e-02
   2.7532609e-01  -1.4850825e-01
   2.6390549e-01  -1.7260652e-01
   2.7673573e-01  -1.8672198e-01
   2.7451006e-01  -1.1056587e-01
   2.8727645e-01  -1.3208931e-01
   2.7264618e-01  -2.3033087e-01
   2.8245143e-01  -2.3658531e-01
   2.6552094e-01  -5.2408423e-02
   2.7379909e-01  -2.1509297e-01
   2.6585988e-01  -2.2562982e-01
   2.7182468e-01  -3.0363730e-02
   2.8542756e-01  -6.3595083e-02
   2.6854574e-01  -2.4392990e-02
   2.8365278e-01  -1.5954505e-01
   2.6534231e-01  -1.4518940e-01
   2.8341902e-01  -1.2830143e-01
   2.8557366e-01  -1.9022243e-01
   2.8184444e-01  -2.5930254e-02
   2.7437766e-01  -2.0555838e-01
   2.7959090e-01  -1.2354904e-01
   2.8295684e-01  -4.6206347e-02
   2.8283138e-01  -2.6247521e-01
   2.8768268e-01  -9.5026534e-02
   2.7105859e-01  -1.4332257e-01
   2.8504581e-01  -2.1318484e-01
   2.7293548e-01  -2.3526622e-01
   2.6486658e-01  -7.5778760e-02
   2.6805653e-01  -2.5220053e-01
   2.7248175e-01  -1.6066870e-01
   2.7152943e-01  -1.4173211e-01
   2.7254370e-01  -2.2365883e-01
   2.8908872e-01  -1.3055687e-01
   2.7674798e-01  -1.9911085e-01
   2.7186154e-01  -1.2309457e-01
   2.7537583e-01  -1.7346743e-01
   2.7339812e-01  -1.9007704e-01
   2.7959080e-01  -1.9318541e-01
   2.7912312e-01  -2.6660646e-01
   2.7412213e-01  -8.6543233e-02
   2.8531339e-01  -2.0318189e-01
   2.8721762e-01  -7.4254143e-02
   2.8712326e-01  -2.1338090e-01
   2.6410485e-01  -1.2427557e-01
   2.6541382e-01  -5.9701569e-02
   2.8946645e-01  -1.9217281e-01
   2.6436326e-01  -9.5030564e-02
   2.8829799e-01  -1.9232272e-01
   2.7304597e-01  -5.8176560e-02
   2.7558835e-01  -1.6753909e-01
   2.7978696e-01  -1.8041818e-01
   2.8004318e-01  -1.3926213e-01
   2.8717779e-01  -1.3268382e-01
   2.7966420e-01  -3.9726742e-02
   2.8718374e-01  -2.5238114e-01
   2.8076744e-01  -7.8246980e-02
   2.7918582e-01  -3.2620357e-02
   2.7400476e-01  -2.2519869e-01
   2.8600438e-01  -2.2963653e-01
   2.7592230e-01  -1.9160783e-01
   2.7531611e-01  -7.7565895e-02
   2.8308579e-01  -1.3926746e-01
   2.6946151e-01  -2.6362794e-01
   2.6644914e-01  -4.4155750e-02
   2.8142011e-01  -1.1499104e-01
   7.1648855e-01  -2.1644893e-01
   7.2213276e-01  -7.3509866e-02
   7.2505953e-01  -1.4069923e-01
   7.2780577e-01   4.0010564e-02
   7.2220679e-01  -5.3334208e-02
   7.1637006e-01   1.5979818e-01
   7.2805646e-01   2.4148299e-01
   7.3633050e-01   2.3681988e-01
   7.2741470e-01   2.9975114e-01
   7.2809979e-01   4.0577247e-01
   7.2554175e-01   3.9568129e-01
   7.1626030e-01   5.0493107e-01
   7.1244810e-01   5.5572906e-01
   7.1575395e-01   4.5223471e-01
   7.2994125e-01   6.2412894e-01
   7.2773326e-01   6.7338157e-01
   7.3176493e-01   6.9345701e-01
   7.2688483e-01   6.4348187e-01
   7.2327852e-01   8.4138321e-01
   7.2486514e-01   7.3644463e-01
   7.1975895e-01   7.1469801e-01
   7.3280151e-01   8.3473875e-01
   7.1280756e-01   8.9766379e-01
   7.2804728e-01   9.5154076e-01
   7.2684043e-01   9.2862904e-01
   7.2501933e-01   9.3121543e-01
   7.2701227e-01   9.2360420e-01
   7.2527760e-01   1.0462866e+00
   7.1412143e-01   9.3928848e-01
   7.2740142e-01   8.9322688e-01
   7.3449841e-01   9.3083961e-01
   7.2429285e-01   1.1494975e+00
   7.3490993e-01   9.3268884e-01
   7.2661487e-01   9.5412258e-01
   7.2902284e-01   9.5437924e-01
   7.2533516e-01   1.0120370e+00
   7.1259405e-01   1.0703856e+00
   7.3746498e-01   1.1111987e+00
   7.1729679e-01   1.2026017e+00
   7.2741537e-01   1.1150658e+00
   7.2705737e-01   1.0394501e+00
   7.2249587e-01   1.1931264e+00
   7.2708217e-01   1.0043588e+00
   7.2188180e-01   1.0682354e+00
   7.3361988e-01   1.0805194e+00
   7.2091273e-01   1.2358241e+00
   7.3306030e-01   1.2405588e+00
   7.3029618e-01   1.0391818e+00
   7.1530655e-01   1.2631796e+00
   7.1749667e-01   1.1308512e+00
   7.2431361e-01   1.2550984e+00
   7.2942671e-01   1.2650725e+00
   7.3494582e-01   1.1750762e+00
   7.2118317e-01   1.1666900e+00
   7.1392129e-01   1.2685477e+00
   7.2860684e-01   1.0862336e+00
   7.3557728e-01   1.0662739e+00
   7.1217067e-01   1.1045847e+00
   7.3130785e-01   1.2531737e+00
   7.3527148e-01   1.2332627e+00
   7.2865484e-01   1.2536770e+00
   7.2492644e-01   1.2534705e+00
   7.2479816e-01   1.0516031e+00
   7.2615243e-01   1.1818482e+00
   7.1348378e-01   1.1728851e+00
   7.1638804e-01   1.2184207e+00
   7.1552388e-01   1.1469239e+00
   7.1317169e-01   1.2340896e+00
   7.2946378e-01   1.2199515e+00
   3.9993002e-01   1.1921319e+00
   3.8459688e-01   1.2459243e+00
   3.8386669e-01   1.1001905e+00
   3.9769697e-01   1.0892773e+00
   3.7552350e-01   1.0320240e+00
   3.7991222e-01   9.3391382e-01
   3.9805277e-01   8.7102554e-01
   3.8484031e-01   7.3865694e-01
   3.9630194e-01   6.6504823e-01
   3.9167085e-01   6.4999035e-01
   3.9468864e-01   6.3766826e-01
   3.8952851e-01   5.2237979e-01
   3.9991367e-01   6.0216755e-01
   3.8457981e-01   5.7851439e-01
   3.9233153e-01   3.9871606e-01
   3.8025479e-01   4.1186609e-01
   3.7567275e-01   3.2637009e-01
   3.8121021e-01   3.4236671e-01
   3.9473928e-01   3.1891381e-01
   3.8364899e-01   2.0263623e-01
   3.8653551e-01   3.0406536e-01
   3.8251224e-01   1.3916049e-01
   3.9892638e-01   1.9104668e-01
   3.8426630e-01   1.4555023e-01
   3.9011020e-01   1.8764327e-01
   3.7489141e-01   1.1580388e-01
   3.9805992e-01   1.7750145e-01
   3.9359898e-01   2.8364657e-03
   3.8504582e-01   8.0651258e-02
   3.8206051e-01   3.8141239e-02
   3.9690807e-01  -6.6253457e-02
   3.8343449e-01  -7.7589082e-02
   3.8581262e-01   5.3944595e-02
   3.9515489e-01  -8.7995185e-02
   3.9701551e-01  -1.1045374e-01
   3.9182174e-01  -2.8625865e-02
   3.8843570e-01  -7.9952764e-02
   3.8789342e-01  -8.1525790e-02
   3.7513327e-01  -5.7296401e-02
   3.7654007e-01   9.0281080e-03
   3.7521206e-01  -5.3953706e-02
   3.8608801e-01  -3.0920652e-02
   3.8626923e-01   1.1015283e-02
   3.8550560e-01  -1.1259354e-01
   3.7885315e-01  -8.4031262e-02
   3.9328887e-01  -1.8419751e-01
   3.8806831e-01  -2.7251415e-02
   3.8163342e-01   1.0833251e-02
   3.7731729e-01  -1.3242448e-01
   3.8894656e-01  -2.6356219e-02
   3.9896858e-01  -2.1354794e-01
   4.0036620e-01  -2.0231317e-01
   3.7773536e-01  -7.3037981e-02
   3.8616600e-01  -6.8139717e-02
   3.8978753e-01  -8.6691617e-02
   4.0044991e-01  -1.5455649e-01
   3.7640008e-01  -1.7753515e-01
   4.0048033e-01  -6.6742184e-02
   3.9255140e-01  -8.9493661e-02
   3.8756238e-01  -2.1995262e-01
   3.9339423e-01  -9.6579198e-02
   3.8941069e-01  -3.6525190e-02
   3.9058389e-01   2.7063505e-03
   3.9220617e-01  -1.8737411e-01
   4.0034122e-01  -1.2015996e-01
   3.9620498e-01  -2.3711120e-01
   3.8931835e-01  -2.0241007e-01
   3.9143434e-01  -9.4404062e-02
   3.8779810e-01  -1.9543395e-01
   6.5955214e-01  -1.2789865e-01
   6.5608031e-01  -1.0604380e-01
   6.4610737e-01  -1.2503377e-01
   6.4920773e-01  -2.2718873e-02
   6.5462545e-01  -1.1596023e-01
   6.5391849e-01  -1.1466994e-01
   6.3787826e-01   8.0792001e-03
   6.5825620e-01   3.6120829e-02
   6.5447889e-01   1.9323465e-01
   6.5906739e-01   8.2381740e-02
   6.4516059e-01   2.0218469e-01
   6.3798261e-01   2.0157504e-01
   6.4562026e-01   1.8293560e-01
   6.4587229e-01   1.9275726e-01
   6.4760812e-01   3.7211351e-01
   6.5625676e-01   2.7831369e-01
   6.6181968e-01   3.1382071e-01
   6.6166454e-01   4.6203450e-01
   6.4551840e-01   4.9060480e-01
   6.4197350e-01   3.2048678e-01
   6.3703057e-01   5.0495543e-01
   6.4501722e-01   4.8600791e-01
   6.4396635e-01   3.6905410e-01
   6.6125256e-01   4.9952439e-01
   6.4700021e-01   6.1369920e-01
   6.5642852e-01   5.4047643e-01
   6.4526811e-01   5.4573907e-01
   6.5012289e-01   6.2033735e-01
   6.4011044e-01   5.8651781e-01
   6.5916755e-01   6.0090531e-01
   6.6151467e-01   4.3991918e-01
   6.5295279e-01   6.6169610e-01
   6.5111420e-01   5.0965384e-01
   6.4257206e-01   4.9909593e-01
   6.4833996e-01   5.5034703e-01
   6.6069627e-01   6.2936624e-01
   6.3858207e-01   6.8246064e-01
   6.4760828e-01   5.5195875e-01
   6.4989964e-01   5.2439977e-01
   6.5716624e-01   7.0134091e-01
   6.6165549e-01   6.2041698e-01
   6.4228337e-01   7.2403259e-01
   6.4187920e-01   6.5350208e-01
   6.4223465e-01   5.8541890e-01
   6.4510488e-01   5.0836824e-01
   6.3835939e-01   5.3806838e-01
   6.4766768e-01   7.0167097e-01
   6.4535580e-01   5.4615328e-01
   6.4551317e-01   7.1698230e-01
   6.5646663e-01   6.2580023e-01
   6.4030276e-01   5.5026881e-01
   6.5179897e-01   5.7423619e-01
   6.4949392e-01   6.6406412e-01
   6.5759188e-01   6.3195522e-01
   6.5776139e-01   5.7807508e-01
   6.3848571e-01   5.2399694e-01
   6.4327808e-01   5.7886402e-01
   6.3901066e-01   7.5551306e-01
   6.4867323e-01   6.3782654e-01
   6.3723776e-01   6.4609875e-01
   6.5012001e-01   6.0526858e-01
   6.5109859e-01   6.3753772e-01
   6.5522914e-01   7.1496720e-01
   6.5522764e-01   6.9393545e-01
   6.5430864e-01   7.5683750e-01
   6.5126204e-01   5.7482421e-01
   6.4162745e-01   6.1691517e-01
   6.5713667e-01   6.0257953e-01
   6.6065404e-01   7.5844825e-01
   6.2369349e-01   6.3867181e-01
   6.2420878e-01   6.0225987e-01
   6.0286398e-01   5.7873910e-01
   6.2159974e-01   5.2754659e-01
   6.2575910e-01   6.2617123e-01
   6.1561371e-01   5.0453727e-01
   6.1125354e-01   6.0879685e-01
   6.1186475e-01   5.7224059e-01
   6.1330332e-01   5.2700493e-01
   6.1144961e-01   4.9116572e-01
   6.1526104e-01   5.2738332e-01
   6.2201584e-01   4.4747620e-01
   6.0153599e-01   4.7812196e-01
   6.0728494e-01   6.1717900e-01
   6.1231381e-01   5.0562898e-01
   6.0388092e-01   4.8906628e-01
   6.0255792e-01   4.7088943e-01
   6.1153565e-01   4.0660224e-01
   6.2394908e-01   5.6489944e-01
   6.0353888e-01   4.1892503e-01
   6.0736569e-01   5.5728301e-01
   6.1092124e-01   4.2295175e-01
   6.1801772e-01   4.7639539e-01
   6.2070137e-01   5.0504609e-01
   6.1894413e-01   5.4355853e-01
   6.2280681e-01   5.1812136e-01
   6.0185444e-01   3.9093958e-01
   6.0779479e-01   4.0761353e-01
   6.1699585e-01   4.3717235e-01
   6.1496071e-01   4.1884524e-01
   6.2441688e-01   4.6842821e-01
   6.1519274e-01   5.2884447e-01
   6.0380253e-01   5.5947892e-01
   6.0343152e-01   4.4804863e-01
   6.0502650e-01   4.6712047e-01
   6.0978860e-01   4.9550130e-01
   6.1645904e-01   5.3005608e-01
   6.2385140e-01   5.1941351e-01
   6.0859101e-01   3.8750710e-01
   6.0123994e-01   4.1610082e-01
   6.0174995e-01   4.2813218e-01
   6.2570705e-01   5.2720164e-01
   6.2058673e-01   4.0949546e-01
   6.1111558e-01   4.7064101e-01
   6.0733585e-01   3.4455977e-01
   6.0026349e-01   4.8643217e-01
   6.2496248e-01   4.9240275e-01
   6.1668115e-01   3.9708839e-01
   6.0777540e-01   4.4461725e-01
   6.1044893e-01   4.2216715e-01
   6.0756347e-01   4.7701892e-01
   6.2419189e-01   4.2249280e-01
   6.1262718e-01   3.4269587e-01
   6.1327557e-01   3.6805918e-01
   6.2073586e-01   4.6996100e-01
   6.0264199e-01   3.7822319e-01
   6.1278468e-01   3.6728793e-01
   6.0343347e-01   3.4831196e-01
   6.0895613e-01   4.6248949e-01
   6.0553168e-01   3.8240756e-01
   6.0836993e-01   4.0325108e-01
   6.2255025e-01   4.8797880e-01
   6.1013184e-01   3.8834998e-01
   6.0254629e-01   5.5906529e-01
   6.1041672e-01   5.2321229e-01
   6.1414932e-01   5.5344647e-01
   6.0167780e-01   3.9680544e-01
   6.1100945e-01   4.1315613e-01
   6.1700467e-01   3.4416009e-01
   5.5376462e-01   4.6330755e-01
   5.3797504e-01   4.3916425e-01
   5.4949534e-01   4.6529904e-01
   5.4775365e-01   5.1651551e-01
   5.5021819e-01   5.1212991e-01
   5.5099544e-01   3.4074948e-01
   5.4971201e-01   4.4158101e-01
   5.4907577e-01   4.3234945e-01
   5.5260627e-01   4.8677749e-01
   5.3737741e-01   4.6130982e-01
   5.3551195e-01   4.2507422e-01
   5.3359446e-01   3.8559516e-01
   5.4187380e-01   2.3487252e-01
   5.4775952e-01   2.0367841e-01
   5.3581399e-01   2.0225693e-01
   5.3878936e-01   3.8666628e-01
   5.3729906e-01   1.6563154e-01
   5.3469795e-01   3.0141407e-01
   5.3148765e-01   2.2567613e-01
   5.4208946e-01   3.5705580e-01
   5.4453549e-01   2.8211442e-01
   5.4433938e-01   1.6210288e-01
   5.3446988e-01   3.0493561e-01
   5.4654933e-01   2.5392226e-01
   5.4377243e-01   3.4120166e-01
   5.4331179e-01   1.5500297e-01
   5.3588693e-01   1.3566145e-01
   5.4047281e-01   1.5072491e-01
   5.5708894e-01   1.6836632e-01
   5.5559667e-01   2.3375264e-01
   5.3607824e-01   1.9440011e-01
   5.3500114e-01   1.6260325e-01
   5.5431968e-01   3.2166497e-01
   5.4295271e-01   1.9880589e-01
   5.4020291e-01   1.0143676e-01
   5.4637093e-01   2.8208252e-01
   5.4797007e-01   1.3979332e-01
   5.4699542e-01   2.6547716e-01
   5.3658425e-01   1.3226060e-01
   5.3572348e-01   2.1019909e-01
   5.3716971e-01   7.4086204e-02
   5.4535405e-01   8.7313866e-02
   5.5025050e-01   2.8287658e-01
   5.5616760e-01   2.8274560e-01
   5.4516217e-01   2.5878610e-01
   5.3988241e-01   6.7876782e-02
   5.3411401e-01   1.0516378e-01
   5.4604172e-01   2.7902694e-01
   5.5367882e-01   2.7159685e-01
   5.3392383e-01   2.7179539e-01
   5.4123954e-01   1.0170060e-01
   5.5003985e-01   6.0518286e-02
   5.3687769e-01   2.8935781e-01
   5.4396736e-01   1.7999438e-01
   5.4141495e-01   6.4008318e-02
   5.3852255e-01   2.5392915e-01
   5.4064100e-01   1.6980378e-01
   5.5659082e-01   2.8360182e-01
   5.4780730e-01   1.3617568e-01
   5.4709795e-01   1.6456386e-01
   5.3245995e-01   2.4137054e-01
   5.5239829e-01   2.7683143e-01
   5.3294143e-01   1.5295617e-01
   5.5395774e-01   1.7869492e-01
   5.3644454e-01   2.7893111e-01
   5.5438371e-01   1.8148552e-01
   5.3745933e-01   1.9272961e-01
   5.4820055e-01   1.0703135e-01
   5.5557288e-01   1.6367805e-01
  -8.0496290e-02   2.6766137e-01
  -6.4078359e-02   1.8920295e-01
  -7.9786499e-02   1.6600880e-01
  -5.8026784e-02   2.5212318e-01
  -7.8951095e-02   2.6219865e-01
  -8.1433153e-02   3.2316726e-02
  -8.1587732e-02   1.6113905e-01
  -5.9640784e-02   1.3080209e-01
  -5.7158204e-02   1.8961987e-01
  -6.3738410e-02   5.3274618e-02
  -7.1859594e-02   5.3168023e-02
  -6.0678513e-02  -5.4268941e-03
  -7.3067902e-02   2.0559688e-01
  -6.1526117e-02   2.0107986e-01
  -8.2158898e-02   1.6418975e-01
  -6.7035165e-02  -2.7625150e-03
  -7.1554967e-02   9.1553716e-02
  -7.4137594e-02  -2.7324061e-02
  -7.2855332e-02  -5.2376961e-02
  -7.9222320e-02   4.9399525e-02
  -7.7296584e-02   1.4116171e-01
  -7.0578817e-02   1.1055754e-01
  -6.2673845e-02   1.4671419e-01
  -5.8380853e-02  -3.9349170e-02
  -8.2212035e-02   9.4739347e-02
  -8.1511267e-02  -4.4844715e-02
  -7.2219843e-02   1.1459282e-01
  -7.8385510e-02   9.1249576e-02
  -7.5907601e-02   7.5252997e-02
  -8.1847129e-02   1.1223020e-01
  -8.1620379e-02   6.0140682e-02
  -7.2306585e-02   7.4219424e-02
  -7.1670233e-02   5.2196145e-02
  -5.8885149e-02   9.1919359e-02
  -8.0381280e-02  -7.0670957e-02
  -7.2865024e-02   1.4431385e-01
  -7.6334542e-02  -6.2358872e-02
  -8.2150379e-02  -5.5154940e-02
  -8.0032330e-02  -3.7691686e-03
  -6.1322422e-02   1.2805892e-01
  -6.8704411e-02   8.5897925e-02
  -8.1299403e-02  -1.3062135e-02
  -6.7464485e-02   7.6607869e-02
  -6.5425469e-02  -4.0805865e-02
  -6.5635924e-02   9.8156460e-03
  -7.6086750e-02   5.9565057e-02
  -6.2098302e-02   5.2845371e-03
  -7.6283793e-02  -8.1229779e-02
  -7.0031739e-02  -5.5490293e-02
  -6.6421566e-02  -7.4474727e-02
  -8.0416960e-02   4.4988380e-02
  -6.0195881e-02   1.2673853e-01
  -6.0722224e-02   7.4817116e-02
  -7.2564558e-02   1.1065171e-01
  -5.8467249e-02   6.0479282e-02
  -7.4015504e-02  -5.5663295e-04
  -6.2309886e-02   1.3515441e-01
  -6.2599427e-02   7.5941585e-02
  -6.2144656e-02  -5.7580638e-03
  -5.7267218e-02  -6.0031127e-02
  -5.9277630e-02   6.3344782e-02
  -7.5208530e-02   7.8033123e-02
  -6.1981772e-02   6.9609541e-02
  -5.9909440e-02   6.6824935e-02
  -5.7689360e-02  -2.4405055e-02
  -7.6193599e-02   5.9262280e-02
  -6.4124440e-02  -1.0319137e-01
  -6.1039208e-02  -2.1467698e-02
  -7.3573354e-02   1.0748240e-02
   5.2269503e-01   3.8773592e-02
   5.2019963e-01   2.4866257e-02
   5.1869135e-01  -2.6305642e-02
   5.2578961e-01   2.9211622e-03
   5.1797003e-01  -1.3585660e-02
   5.3199196e-01  -7.2706484e-02
   5.1302882e-01  -2.4269296e-02
   5.3114535e-01  -5.8112758e-02
   5.1470257e-01  -5.9311649e-03
   5.0826895e-01  -1.7944095e-02
   5.1044408e-01   6.5582193e-02
   5.1633102e-01  -2.7601839e-02
   5.0682344e-01   6.5680968e-02
   5.2653909e-01  -1.5418954e-02
   5.0708280e-01   3.2756519e-02
   5.3048875e-01  -1.1781543e-02
   5.1891932e-01   1.6175063e-01
   5.2564481e-01   6.8242602e-02
   5.1826237e-01  -3.6541271e-02
   5.2071669e-01   1.1061941e-02
   5.2073105e-01   2.4334948e-02
   5.2455962e-01   8.3542822e-02
   5.1879451e-01   9.9721506e-02
   5.0922799e-01  -1.0505521e-02
   5.2145866e-01   1.8255218e-01
   5.2135566e-01   2.9087933e-02
   5.2812861e-01  -3.3067372e-02
   5.2355691e-01   8.5772037e-02
   5.2854789e-01   5.2153383e-02
   5.0835613e-01   1.1966655e-01
   5.2768296e-01   4.3686383e-03
   5.2167327e-01   1.1062860e-01
   5.1548831e-01   2.0706989e-01
   5.1060667e-01   1.0904551e-01
   5.1097386e-01  -8.2679573e-03
   5.1713176e-01   2.0274195e-01
   5.1006064e-01   1.9559896e-01
   5.1984884e-01   1.7485139e-01
   5.1562924e-01   2.0125300e-01
   5.0714178e-01   1.4571599e-02
   5.2669897e-01   2.7985037e-03
   5.1549446e-01   1.5136958e-01
   5.2774940e-01   1.6899394e-01
   5.2664695e-01   8.6730976e-02
   5.1337747e-01   1.8367739e-01
   5.2245458e-01   1.1687617e-01
   5.1815652e-01   1.0278577e-01
   5.1835519e-01   4.6417858e-02
   5.2371141e-01   1.3268401e-02
   5.2856808e-01   1.9011172e-01
   5.0797026e-01   8.5612844e-02
   5.2595566e-01   1.7797251e-01
   5.2703117e-01   1.2299221e-01
   5.2152435e-01   1.9089952e-01
   5.1576285e-01   1.7437245e-01
   5.1336308e-01   1.2069974e-01
   5.3082596e-01   1.2898726e-01
   5.2191580e-01   1.3975487e-01
   5.1398909e-01   1.4828080e-01
   5.2066321e-01   1.8717784e-01
   5.2722442e-01   6.5024464e-02
   5.1836135e-01   1.9197121e-01
   5.2559290e-01   4.1583403e-02
   5.3163212e-01   5.5331739e-02
   5.1460201e-01   1.9889493e-01
   5.2536913e-01   4.7360145e-02
   5.1454037e-01   1.0212005e-01
   5.0982734e-01   7.3389140e-02
   5.1438978e-01  -1.8435165e-02
   6.7014401e-01   1.2569717e-01
   6.6591946e-01   4.2695551e-02
   6.5057086e-01   2.0129872e-01
   6.6483669e-01   7.7436880e-02
   6.6882735e-01   1.0504308e-01
   6.6581055e-01   1.6622436e-01
   6.4508057e-01   2.1542984e-01
   6.5346312e-01   2.8842422e-01
   6.4725645e-01   4.0309089e-01
   6.5412668e-01   2.0421169e-01
   6.6964295e-01   4.2075861e-01
   6.6374153e-01   2.6783292e-01
   6.4534084e-01   4.9507145e-01
   6.6371222e-01   5.1523765e-01
   6.5016825e-01   5.3261309e-01
   6.6978208e-01   5.4277372e-01
   6.4873429e-01   4.2459654e-01
   6.4898910e-01   4.6722108e-01
   6.5429791e-01   5.9742579e-01
   6.6646072e-01   5.1694767e-01
   6.6556746e-01   5.2208328e-01
   6.4743452e-01   5.7325211e-01
   6.6566973e-01   5.7738965e-01
   6.6737098e-01   4.8614862e-01
   6.6726364e-01   6.7426237e-01
   6.5860485e-01   5.9226766e-01
   6.5599390e-01   5.0740860e-01
   6.4860404e-01   6.0210005e-01
   6.5243240e-01   6.9139249e-01
   6.5331490e-01   7.1923895e-01
   6.4684312e-01   6.5936348e-01
   6.5224464e-01   7.0383130e-01
   6.6016542e-01   5.5617301e-01
   6.6588170e-01   5.8196922e-01
   6.5677399e-01   7.1442501e-01
   6.6406169e-01   7.0241741e-01
   6.4681524e-01   7.4766910e-01
   6.6800793e-01   7.3261127e-01
   6.5268807e-01   5.7896397e-01
   6.4713840e-01   6.3931916e-01
   6.6111436e-01   6.3402137e-01
   6.6516491e-01   7.1404093e-01
   6.4627950e-01   6.2208190e-01
   6.7028760e-01   7.8897266e-01
   6.5411347e-01   7.9929592e-01
   6.4777924e-01   7.8818514e-01
   6.6228099e-01   7.1970197e-01
   6.6770892e-01   6.8781796e-01
   6.6107729e-01   7.4525663e-01
   6.5039434e-01   7.3833232e-01
   6.4709829e-01   6.0910715e-01
   6.5832883e-01   6.8500339e-01
   6.5713434e-01   7.0788344e-01
   6.5848284e-01   7.2555368e-01
   6.6648371e-01   7.2658499e-01
   6.5825083e-01   6.6724651e-01
   6.6258286e-01   7.8441405e-01
   6.5449709e-01   6.3579094e-01
   6.6258663e-01   8.0570995e-01
   6.5340596e-01   6.2369876e-01
   6.5117314e-01   6.2935356e-01
   6.5444002e-01   7.1354815e-01
   6.6893445e-01   7.2062975e-01
   6.6949287e-01   7.7627612e-01
   6.4502857e-01   5.8741774e-01
   6.5037094e-01   6.5788534e-01
   6.4534754e-01   7.5630533e-01
   6.5168480e-01   7.6248072e-01
   6.6805410e-01   6.1926679e-01
  -7.8919149e-01   7.3147148e-01
  -7.6762242e-01   6.9547146e-01
  -7.7870717e-01   5.8003518e-01
  -7.6740391e-01   4.0420661e-01
  -7.8441145e-01   3.5133625e-01
  -7.8023554e-01   2.2709853e-01
  -7.7048590e-01   1.3721910e-02
  -7.6880244e-01  -3.7480911e-02
  -7.8030158e-01  -2.7014519e-01
  -7.6842801e-01  -3.4657949e-01
  -7.7353962e-01  -6.4771499e-01
  -7.7509067e-01  -7.7082749e-01
  -7.7537327e-01  -7.2605521e-01
  -7.7699400e-01  -1.0456442e+00
  -7.7381681e-01  -9.5583019e-01
  -7.9002147e-01  -1.1754778e+00
  -7.7958089e-01  -1.2169858e+00
  -7.8609128e-01  -1.2035340e+00
  -7.8113821e-01  -1.4490370e+00
  -7.7170697e-01  -1.5236663e+00
  -7.8139272e-01  -1.4737605e+00
  -7.8092109e-01  -1.6961019e+00
  -7.8382989e-01  -1.5737973e+00
  -7.7064250e-01  -1.6649198e+00
  -7.8433073e-01  -1.7367451e+00
  -7.7790900e-01  -1.7934752e+00
  -7.8701282e-01  -1.7484641e+00
  -7.6917725e-01  -2.0115452e+00
  -7.6721950e-01  -1.9381814e+00
  -7.7386541e-01  -2.0472426e+00
  -7.7863772e-01  -2.0829198e+00
  -7.7860778e-01  -2.0008668e+00
  -7.6655080e-01  -2.1152897e+00
  -7.7357759e-01  -2.0960664e+00
  -7.7848938e-01  -2.0990014e+00
  -7.8548401e-01  -2.1142430e+00
  -7.7918640e-01  -2.0350355e+00
  -7.8522316e-01  -2.0723158e+00
  -7.6469892e-01  -2.2053075e+00
  -7.7255978e-01  -2.0913022e+00
  -7.8807562e-01  -2.0936762e+00
  -7.8656549e-01  -2.1036195e+00
  -7.8177674e-01  -2.2354406e+00
  -7.7501918e-01  -2.2978296e+00
  -7.8642703e-01  -2.2955977e+00
  -7.8473618e-01  -2.2852950e+00
  -7.7309126e-01  -2.2729681e+00
  -7.7597195e-01  -2.2043445e+00
  -7.7101383e-01  -2.2035038e+00
  -7.8463545e-01  -2.3679849e+00
  -7.7470691e-01  -2.3807647e+00
  -7.8634427e-01  -2.2243499e+00
  -7.6568054e-01  -2.3482885e+00
  -7.7690557e-01  -2.2762807e+00
  -7.6666945e-01  -2.2663709e+00
  -7.6550355e-01  -2.3056383e+00
  -7.6793339e-01  -2.3645768e+00
  -7.6759521e-01  -2.3685317e+00
  -7.6840637e-01  -2.3524196e+00
  -7.8383834e-01  -2.4254705e+00
  -7.6519397e-01  -2.2577014e+00
  -7.7186712e-01  -2.2681010e+00
  -7.7508410e-01  -2.2415779e+00
  -7.6488406e-01  -2.3564345e+00
  -7.8521477e-01  -2.3454230e+00
  -7.8411730e-01  -2.4275474e+00
  -7.7622828e-01  -2.4307176e+00
  -7.6615774e-01  -2.4144738e+00
  -7.8472328e-01  -2.4319254e+00
  -3.5248321e-01  -2.3591618e+00
  -3.5789472e-01  -2.4391252e+00
  -3.3705739e-01  -2.2527287e+00
  -3.4325923e-01  -2.1506026e+00
  -3.4980901e-01  -2.0508082e+00
  -3.5801738e-01  -2.0983483e+00
  -3.5052556e-01  -1.8828617e+00
  -3.6161341e-01  -1.8708146e+00
  -3.3657316e-01  -1.6393479e+00
  -3.4477161e-01  -1.6624716e+00
  -3.4328429e-01  -1.5619322e+00
  -3.5134662e-01  -1.3661011e+00
  -3.5647407e-01  -1.3806803e+00
  -3.4404503e-01  -1.2448705e+00
  -3.3942570e-01  -1.2379728e+00
  -3.4407740e-01  -1.1179878e+00
  -3.6051043e-01  -1.1182195e+00
  -3.5586463e-01  -1.0749717e+00
  -3.5760023e-01  -1.0377108e+00
  -3.4111931e-01  -8.8136776e-01
  -3.5832228e-01  -8.6991263e-01
  -3.5021772e-01  -7.0851618e-01
  -3.3697345e-01  -8.3015645e-01
  -3.4450719e-01  -6.5417319e-01
  -3.4476472e-01  -6.1837831e-01
  -3.4189516e-01  -7.5554753e-01
  -3.4295486e-01  -7.6173834e-01
  -3.6203941e-01  -7.2046800e-01
  -3.6118788e-01  -5.9597006e-01
  -3.5538767e-01  -6.6599219e-01
  -3.6001264e-01  -4.3867005e-01
  -3.3767762e-01  -5.2498539e-01
  -3.3717487e-01  -4.5950840e-01
  -3.5387762e-01  -4.5149692e-01
  -3.4747005e-01  -3.6881963e-01
  -3.4213611e-01  -4.5221309e-01
  -3.4845639e-01  -5.3818895e-01
  -3.6138619e-01  -4.6049080e-01
  -3.5820145e-01  -3.3161125e-01
  -3.5132397e-01  -4.6466026e-01
  -3.3687216e-01  -5.1404242e-01
  -3.5143082e-01  -3.3636783e-01
  -3.5031444e-01  -5.0254447e-01
  -3.4018680e-01  -3.2420358e-01
  -3.4132936e-01  -3.3195052e-01
  -3.4022685e-01  -4.1625043e-01
  -3.4011956e-01  -3.0313381e-01
  -3.4055831e-01  -3.7483974e-01
  -3.4708894e-01  -4.5155512e-01
  -3.3880361e-01  -2.6243494e-01
  -3.3644164e-01  -3.4626117e-01
  -3.4146196e-01  -4.2537305e-01
  -3.4206955e-01  -4.6254186e-01
  -3.5327586e-01  -2.3086882e-01
  -3.4741856e-01  -2.3935985e-01
  -3.4540992e-01  -3.4853472e-01
  -3.5928737e-01  -3.8018644e-01
  -3.5477864e-01  -3.2111666e-01
  -3.4487269e-01  -2.8246380e-01
  -3.4676769e-01  -2.9942571e-01
  -3.4264233e-01  -3.1569575e-01
  -3.4988031e-01  -2.1759040e-01
  -3.5783349e-01  -2.3720895e-01
  -3.5831417e-01  -3.7651454e-01
  -3.3837954e-01  -2.2755037e-01
  -3.5706332e-01  -3.7804916e-01
  -3.4629150e-01  -3.3065505e-01
  -3.4523540e-01  -3.7076536e-01
  -3.3631103e-01  -2.6028779e-01
   4.3016120e-01  -2.0725101e-01
   4.3039769e-01  -2.3921352e-01
   4.4722550e-01  -3.5971283e-01
   4.4882570e-01  -4.1901399e-01
   4.3105660e-01  -2.5368321e-01
   4.4450718e-01  -1.6470721e-01
   4.3496943e-01  -3.5012279e-01
   4.2371361e-01  -1.7168264e-01
   4.3443696e-01  -2.1242525e-01
   4.3385069e-01  -1.1572708e-01
   4.2938862e-01  -1.7596114e-01
   4.2875158e-01  -1.2822821e-01
   4.3807682e-01  -3.0351510e-01
   4.3975695e-01  -1.7453258e-01
   4.3274374e-01  -2.5480306e-01
   4.2534619e-01  -8.1621313e-02
   4.2459869e-01  -1.1103766e-01
   4.4897162e-01  -2.3130404e-01
   4.3698359e-01  -1.1832579e-01
   4.3858182e-01  -2.4828504e-01
   4.2581557e-01  -1.2421547e-01
   4.2691381e-01  -2.1684580e-01
   4.2711090e-01  -1.6908906e-01
   4.2355256e-01  -8.3055939e-02
   4.4788020e-01  -1.9400922e-01
   4.2921950e-01  -2.1252728e-01
   4.2558426e-01  -3.5755979e-02
   4.3560738e-01   2.1043696e-03
   4.3497517e-01  -8.2280368e-02
   4.2629798e-01  -1.8071349e-01
   4.3350370e-01  -4.6197570e-02
   4.2885667e-01  -2.0286022e-01
   4.3748233e-01  -7.0372806e-02
   4.2809550e-01  -2.9063138e-03
   4.4877361e-01  -1.2204629e-01
   4.4824031e-01  -1.2868333e-01
   4.4580795e-01  -6.5484069e-02
   4.2560158e-01  -2.0118512e-01
   4.2576064e-01  -5.5787295e-02
   4.4219827e-01  -1.8408641e-01
   4.2633657e-01  -1.0396469e-01
   4.4295669e-01  -1.5857240e-01
   4.3977961e-01  -6.6624904e-02
   4.4434160e-01  -3.1561930e-02
   4.3260089e-01  -1.0239052e-01
   4.3643344e-01  -1.3313949e-01
   4.3534982e-01  -2.1617149e-02
   4.4314080e-01  -1.3666523e-02
   4.4698598e-01  -4.3079694e-02
   4.3623917e-01  -2.2840621e-02
   4.3352519e-01  -6.0940617e-02
   4.2731128e-01  -7.9025644e-02
   4.4381157e-01  -1.3823492e-02
   4.4667563e-01  -1.2968082e-01
   4.4479180e-01  -3.4519646e-02
   4.3390614e-01  -8.2077228e-02
   4.3186124e-01  -1.2375911e-01
   4.2694234e-01  -1.7914435e-01
